id,countries,handling_time,score
1689841547143170,"['SA', 'OM', 'BH', 'QA', 'JO', 'IQ', 'KW', 'EG', 'LB']",0.46946035002967684,0.5786711920868544
1686755036370945,['RO'],-0.006397351803235994,0.642844398959417
1741913197768705,['VN'],0.20109623178850503,0.728537717993249
1743415203890193,"['MX', 'UY', 'CL', 'AR', 'CO', 'EC', 'PE', 'BR']",0.3725461254650121,0.7079120851987395
1710346282427393,['PH'],0.39971752260459736,0.728722709915775
1693678171087873,['VN'],0.188119048833537,0.6444054708020419
1771763479218193,['DK'],0.30890007677444503,0.6048916732170098
1694041901312002,['TR'],0.40892283273087426,0.7123519356826917
6728796,"['TR', 'GB', 'IE']",0.31974556593667186,0.5562827324495521
1710346245842945,['PH'],0.2679414231941579,0.6979872840861147
5090932,"['AU', 'NZ', 'SG']",0.4855021966365338,0.8192866851265832
1716552374593537,['ID'],-0.2180714894340346,0.6028292342782233
1312666,"['SA', 'OM', 'BH', 'QA', 'AE', 'DZ', 'JO', 'IQ', 'KW', 'TN', 'MA', 'LB', 'EG']",-3.0704121198122505,0.7511701048531826
1737654173573122,['VN'],0.4691449434639655,0.6522172913213403
1672986653202437,['KZ'],0.3320233357496793,0.5598541014085436
1752804614390817,"['MX', 'UY', 'CL', 'CO', 'AR', 'EC', 'PE', 'BR']",0.29769792497684483,0.7765285107749615
7389679,"['MX', 'CO', 'CL', 'AR', 'PE', 'BR']",0.3813273062230554,0.5993695047458766
2735217,['VN'],-3.0704121198122505,0.7849722587747944
1758321775497234,['KH'],0.3956759053217054,0.6356980145059172
8626002,['TH'],0.4767779154757275,0.6672766140085866
7977305,['JP'],0.3490041517536161,0.641963392746097
1811986,['ID'],0.4669943525632344,0.6358835499320443
1732422617628673,['ID'],0.41272719536985025,0.6555070006866268
1671850168837125,"['SA', 'BH', 'OM', 'QA', 'JO', 'IQ', 'KW', 'LB', 'EG']",-3.0704121198122505,0.8664047204950407
1773654622274561,['KH'],0.4192442030488641,0.6115875553913616
8239853,"['AU', 'PH']",-0.061444517787728546,0.7748469794484419
2326827,"['MX', 'CL', 'AR', 'CO', 'PE', 'BR']",0.37677769669288974,0.5874987740904349
1707706610145282,['NL'],0.1285230196780905,0.6178726435614329
1735138527102977,['IT'],0.12302315543478909,0.6404061807107255
1724471787931649,"['SA', 'BH', 'OM', 'QA', 'JO', 'IQ', 'KW', 'LB', 'EG']",0.49494424201997395,0.6401408018432838
1769227294348322,['NL'],-0.01920394243414328,0.7132628382525302
1999691,"['TW', 'KR', 'SG']",0.46752605987508494,0.7036553774087206
1771651753636882,['JP'],0.16249627771110345,0.5546918592744874
1716146333169665,"['MX', 'UY', 'CO', 'CL', 'AR', 'EC', 'PE', 'BR']",0.06206022759186289,0.5933344087793014
5377569,"['MY', 'ID']",0.43476029007327627,0.6520992522733206
1719108856889346,['SE'],0.11136958039753712,0.6300067455557959
1694295112088577,['CZ'],0.3599474578794872,0.6140731519064881
1739309378401282,['VN'],0.3930025422228137,0.6026842190022481
1736487754076162,['ID'],0.47913246351207384,0.7104271908772148
1740298905711617,['JP'],-0.12536218314439448,0.5358108714737169
1695769015370753,"['MX', 'UY', 'CO', 'CL', 'AR', 'EC', 'PE', 'BR']",0.4519981123864179,0.6492732732686797
8902072,['JP'],-3.0704121198122505,0.941691336047721
8938999,"['UA', 'RU', 'BY']",-3.0704121198122505,0.9670429514889298
1762779837863938,['CZ'],0.27761193943680745,0.7091302434814624
1737428902974466,['PL'],0.31280924859245873,0.5764255127301307
1738944494259201,['GR'],0.4235935722473763,0.7028425294066711
1729880322678785,['ID'],0.40202696424533463,0.65732854372658
5608898,"['US', 'CA']",0.4240710970469534,0.7651085687922995
1700711913253889,['BG'],0.33763411061041293,0.5373694285344975
1767847119851554,['HU'],0.3262474174320217,0.5848740562111381
1752289495219201,"['US', 'CA']",0.3985453260592727,0.6617967888945313
5799635,['TH'],0.4159916139966087,0.671435681411899
1741279730538497,['VN'],0.4466455936884041,0.6325071596217693
1693560602235905,['VN'],0.31616945550105197,0.6459961812034732
1769097368736786,['MY'],0.3779149238958038,0.6019922187495269
1736753775507458,['ID'],0.3131293219397511,0.7860091857155551
1669724932562950,['JP'],0.26203446422847365,0.6455228979400948
1764223632918545,['FI'],0.24014377399349365,0.5232046904392714
9659971,"['UA', 'RU', 'BY']",0.35290116040222946,0.657485592259801
1749003786899457,['NL'],-3.0704121198122505,0.9393866437348839
1771651753636866,['PH'],-0.03790893116187265,0.6307477234594396
1693539332832322,['VN'],0.4049821935696674,0.6431654268852306
1759961674413106,['US'],0.37201340638306885,0.5294048746021607
5618519,"['ID', 'SG']",0.14218584496166792,0.6363623194830237
1750192205585409,['IT'],0.3466679979828512,0.6444201569332123
1752737541815297,['DE'],0.2902384359756951,0.623015554283008
1301929,"['AU', 'NZ', 'SG']",0.49051207906279015,0.7470157541600473
1713476001087489,['PK'],0.4647290561711453,0.7080726057923769
3116616,['KR'],0.303117863219195,0.5429558517899725
1736487393897473,['ID'],0.44437843514094644,0.7244078397834777
1729842322829314,"['US', 'CA']",0.260094926916025,0.5295205073098086
1772371860026370,['GB'],0.42413641372837146,0.5345526224678747
1736353473938434,"['MX', 'UY', 'CO', 'AR', 'CL', 'EC', 'PE', 'BR']",0.3514741174933307,0.6690617944836191
1747021185229826,"['SA', 'OM', 'BH', 'QA', 'JO', 'IQ', 'KW', 'MA', 'EG', 'LB']",0.4693234698193202,0.7212747302264466
1736770021242882,['TH'],0.18181137346827558,0.6801410658889275
8831199,"['AU', 'NZ', 'SG']",0.572940680709498,0.7134032455031816
9052960,"['SA', 'OM', 'BH', 'QA', 'DZ', 'AE', 'JO', 'IQ', 'KW', 'TN', 'MA', 'LB', 'EG']",-3.0704121198122505,0.7957274895680344
1728888969578497,['ID'],0.2178483720786314,0.6223164883016036
1752804614390833,"['MX', 'UY', 'CO', 'AR', 'CL', 'EC', 'PE', 'BR']",0.3676763952664313,0.5854904437792513
1724470454753282,"['SA', 'OM', 'BH', 'QA', 'JO', 'IQ', 'KW', 'EG', 'LB']",0.5982521376026443,0.7347299914596123
1672130496087046,"['US', 'CA']",0.3381630719850473,0.5774415767686981
1753884661423138,['DE'],0.218505564262099,0.598620510627662
3172398,"['KR', 'SG']",0.4729396546149118,0.6982744289368131
1724922721733634,['NL'],0.3466973576219918,0.6644767763249998
3950155,"['MX', 'CL', 'CO', 'AR', 'PE', 'BR']",0.5014893144136072,0.5640591037838792
9558788,"['AU', 'NZ', 'SG']",0.35124646476080584,0.7103016947504716
1768117920687106,['DE'],-3.0704121198122505,0.8448942589085605
6705570,"['TR', 'GB', 'IE']",0.4351082434771885,0.5025344993631732
1752697349807106,['TW'],0.40996920744198767,0.6370169899506356
1691852985713666,['PH'],0.3955417052987252,0.7872080844834731
1770122728378385,['MY'],0.38875449319405,0.7057680437576688
1747095981573122,['NL'],0.49913292091978556,0.6495518777013487
1726119572275202,"['US', 'CA']",0.29052588323130446,0.6620982217794641
9065085,"['MX', 'UY', 'CO', 'CL', 'AR', 'EC', 'PE', 'BR']",-0.32935842851568636,0.5141260711350534
2311966,['TW'],-0.3515056033632237,0.5787430968042296
1716223451261954,"['MX', 'UY', 'CL', 'AR', 'CO', 'EC', 'PE', 'BR']",0.39937250584333656,0.7016701868119319
1695095671197697,['ES'],0.11840774335705603,0.5858035297988051
1752791904934914,"['MX', 'UY', 'CL', 'AR', 'CO', 'EC', 'PE', 'BR']",0.3936848839743562,0.7554845180784294
7752505,"['US', 'CA']",0.39185765466414807,0.8279997247358695
1703159220924418,['GR'],0.3785100101370488,0.7053575044290317
1501968,"['US', 'CA']",0.4136105729507953,0.5555234293537242
1695067179302914,['GB'],-0.1698632870519183,0.5754307109772644
1686664926599170,['PH'],0.34413602929279347,0.7694755413266118
1733016321234945,"['US', 'CA']",0.21515414663180363,0.5279820975066067
1711419252224001,['PH'],0.475364949416359,0.5248195297673104
1761882871064593,['DK'],-3.0704121198122505,0.9132667975227295
8328881,"['MY', 'SG']",0.06761396618134219,0.5330609467710407
1727248549938177,['PK'],0.4278054429183385,0.709506997524781
1077236,"['MY', 'ID']",0.39228079100552316,0.6536231470166034
1703821567576065,"['US', 'CA']",0.16258407464374838,0.6839868405215419
1746474353707041,"['SA', 'BH', 'OM', 'QA', 'JO', 'IQ', 'KW', 'MA', 'LB', 'EG']",0.28694652017544175,0.7849043137983366
1772371860026402,['GB'],0.3919650737733135,0.7363011188930387
6236835,['ID'],0.20358832623094872,0.592145277547126
7736076,['VN'],0.39452233683622007,0.5887083874165178
1714605731150850,"['MX', 'UY', 'CL', 'AR', 'CO', 'EC', 'PE', 'BR']",-3.0704121198122505,0.8810011051430092
1756422385051682,['KR'],0.3872598588665674,0.6344116336313869
1736487767198722,['ID'],0.41413642638263864,0.7206909890831055
1736487575404546,['ID'],0.41166963778759996,0.725070271275064
1714700309532674,"['MX', 'UY', 'CL', 'CO', 'AR', 'EC', 'PE', 'BR']",0.4259595673799446,0.5326135288944039
9921960,"['GB', 'IE']",0.3623786284579541,0.5151131710691583
8035393,"['MY', 'ID']",0.3357449723546029,0.6996535112937519
1703396559410178,"['US', 'CA']",0.21138044601350858,0.6684312976608053
1724185616760833,"['SA', 'OM', 'BH', 'QA', 'JO', 'IQ', 'KW', 'LB', 'EG']",0.3955417052987252,0.6838053620336745
1692119757018113,['BY'],0.3475585257788262,0.5643876438927928
1724470463815682,"['ZA', 'BH', 'SA', 'OM', 'QA', 'JO', 'IQ', 'KW', 'MA', 'EG']",0.4388635256898718,0.6844943287965164
5388029,['KR'],0.17461085145234873,0.7215225156379353
1815126,['TH'],0.4196018469451942,0.7242544184423918
1649165526729733,['JP'],0.2649398518253498,0.6863464933658432
1693948493861890,['RO'],-3.0704121198122505,0.9486054129862326
1912879,['TW'],0.44862890673270944,0.8063554470863816
1695027604731906,['FR'],0.5501089224869066,0.7181713789749359
1735138375955458,"['MX', 'CL', 'AR', 'CO', 'PE']",0.2691299502644124,0.6625999157963359
1748544247125042,"['MX', 'UY', 'CO', 'CL', 'AR', 'EC', 'PE', 'BR']",0.2925830740304953,0.7112931976568271
1739288550742017,['MY'],0.41307791115039333,0.7559529678334886
5356869,"['VN', 'AU', 'NZ']",0.25821173017918436,0.619726013645372
1771651748366337,['PH'],0.4444421584133837,0.6585744096814562
1705699742139394,['KH'],0.32581121107354194,0.666948293878972
1695273683331074,['TW'],0.4204021252329301,0.7182060948331841
1713507411937282,['GB'],0.443373015488575,0.54544638486846
1782229,"['MX', 'AR', 'OTHER']",-0.06222550792503598,0.6242053100054266
9162935,"['MY', 'SG']",0.20747751666679437,0.5647500154907564
1747108832929793,['IT'],0.3168305503491633,0.5854531208806995
5108027,"['SA', 'OM', 'BH', 'QA', 'AE', 'DZ', 'JO', 'IQ', 'KW', 'TN', 'MA', 'EG', 'LB']",0.41038258341574885,0.5292778686283797
1748546108353569,"['MX', 'UY', 'CL', 'AR', 'CO', 'EC', 'PE', 'BR']",0.4727922587452025,0.8456605005935147
1715243011305474,"['MX', 'UY', 'CO', 'AR', 'CL', 'EC', 'PE', 'BR']",0.371009478195138,0.8008232924627319
1695529068585986,['MY'],0.3806557787994054,0.5717397108683853
8220976,"['US', 'CA']",-3.0704121198122505,0.6858704893227965
1695527526423554,['MY'],0.3209708805728175,0.8246367865019619
1686232012600322,['TR'],0.45786492240962584,0.657538505476623
1764761367947282,['FI'],0.7783609300025988,0.6458321165021725
1772265394873346,['ID'],0.19643001277088543,0.6321732128866674
1753012934144001,"['MX', 'UY', 'CL', 'CO', 'AR', 'EC', 'PE', 'BR']",0.25726077365742744,0.5639702138619415
1736353489446913,"['MX', 'UY', 'CL', 'AR', 'CO', 'EC', 'PE', 'BR']",0.4444023329442263,0.6384393507709136
1696369097856001,['MY'],0.17765819691721682,0.6433627673398402
1770119534193714,['PL'],0.3746776869365697,0.6282144596910249
1724426830167041,['PK'],0.39313158214713567,0.6658481095794834
1717152819047426,"['US', 'CA']",-3.0704121198122505,0.9324725667963725
1741850392320017,['VN'],0.3904831132449592,0.6967786143905726
2058592,"['MY', 'ID']",0.2671878540557424,0.7008504334108486
8662606,['ID'],0.3789291719406336,0.6144443997005052
1736955027658753,['ES'],-3.0704121198122505,0.914803259064621
1735501938296834,['CZ'],0.2852735112297252,0.7114160478586269
1735138441321473,['NL'],0.1393914801528777,0.6379605110658123
1748619681801218,"['MX', 'UY', 'CO', 'CL', 'AR', 'EC', 'PE', 'BR']",0.3899970441203901,0.6742126982803006
6858011,"['CZ', 'GB', 'IE']",-3.0704121198122505,0.5829275660160701
1714875416888321,"['MX', 'UY', 'CL', 'AR', 'CO', 'EC', 'PE', 'BR']",-3.0704121198122505,0.9232537975450238
5563535,"['US', 'CA']",0.3336753995916114,0.7791757544890967
8250939,"['MY', 'ID']",0.04284697053672811,0.5876884168833343
1715218806419458,['KZ'],0.3377097332830249,0.5701157493203811
1672986746847238,['TR'],0.4249134492782646,0.6679387299373172
1755541489126450,['MY'],0.3429345044180716,0.742537480125933
1690239244530689,"['SA', 'OM', 'BH', 'QA', 'JO', 'IQ', 'KW', 'LB', 'EG']",0.3476646275345408,0.724117745896327
1732493811827713,['ID'],0.3069640210423919,0.6656190743775855
1724426811354114,['PK'],0.4934357020303804,0.715982334003033
1717309548041217,['ES'],-3.0704121198122505,0.8971339513328693
2229067,['ID'],0.45822784027633706,0.5721629366788692
1717904650320898,['JP'],-0.004535874959116623,0.6578867809646971
1723656044244993,"['MX', 'UY', 'CO', 'CL', 'AR', 'EC', 'PE', 'BR']",0.3904196192395261,0.6690700811468866
9676392,"['SA', 'OM', 'BH', 'QA', 'AE', 'DZ', 'JO', 'IQ', 'KW', 'TN', 'MA', 'EG', 'LB']",0.3444467567838451,0.5581511771128174
1694610948369410,['ID'],0.30746173750128497,0.7558386887688677
1722169427595266,['PH'],0.4736249453357788,0.7155164425564392
1743478384980002,"['MX', 'UY', 'CO', 'CL', 'AR', 'EC', 'PE', 'BR']",0.3661697517907212,0.6238795025976319
7039799,['VN'],0.3400259321755825,0.650107388581459
1721121602885634,['SE'],0.35998608970486207,0.6330206460429787
6073125,['JP'],0.39999140685891915,1.0
1774283521390594,['FR'],0.14078826630788197,0.9426733145701764
1759961674414082,['KZ'],0.36981529848846884,0.5538984589114433
3173062,"['TW', 'KR', 'SG']",0.38986347637691954,0.6714430698947622
1695031190880258,['ID'],0.29924784377490765,0.6696399432361606
2138727,"['VN', 'KH']",0.2771918349323208,0.6404535732736479
3561577,"['UA', 'RU', 'GB', 'IE']",-3.0704121198122505,0.5829275660160701
1714437585276929,"['MX', 'UY', 'CL', 'AR', 'CO', 'EC', 'PE', 'BR']",0.32796644528149876,0.6012233488294585
1767935702692865,['HU'],0.3151649068841821,0.5449084009137405
1746474509119521,"['SA', 'BH', 'OM', 'QA', 'JO', 'IQ', 'KW', 'MA', 'EG', 'LB']",0.526949495151454,0.6289836909853079
9276652,"['GB', 'IE']",-3.0704121198122505,0.7550112587079113
6525737,['TH'],0.4751995519282002,0.6501435320909041
1705324000866306,['ID'],0.31009555201401573,0.7087967933120494
9957396,"['MX', 'UY', 'CL', 'EC', 'PE', 'BR']",0.3866560694373038,0.5999463421062966
1730409705792513,['ID'],0.43831945823840446,0.7369149566985782
1739401359705089,['VN'],0.40392443347886964,0.6617889874642804
1724426772777986,['PK'],0.33653165257883716,0.7232144368796154
1672987155331077,['TR'],0.3661800733153723,0.6767432465418526
1694647624630274,['TH'],0.40845361979742323,0.702262566671356
1714960827917314,"['MX', 'UY', 'CL', 'CO', 'AR', 'EC', 'PE', 'BR']",0.31146369728973383,0.5108000634906557
1669223,"['US', 'CA']",0.29423800538191425,0.7087534873708051
1714052230375426,['IT'],0.43873098267361627,0.5852886819875373
1972062,['JP'],0.4608114532943546,0.7256504955871552
8622880,['PH'],0.21330459004312727,0.5734110541066543
1686665037198402,['PH'],0.3597999090617482,0.6980601117378384
1747655395696658,['FR'],0.35641821439601074,0.6660755100109921
6152007,"['MX', 'UY', 'CO', 'CL', 'AR', 'EC', 'PE', 'BR']",0.44133330005159754,0.5317437857642932
1742577881965569,['NO'],0.42648408789201775,0.6479435169640416
1772379228620801,['IT'],0.26505048616653953,0.7104388397812171
3973592,"['US', 'CA']",0.3243170543294291,0.5136950399268466
1723453161441282,['TH'],0.40673492813441553,0.7883892298464416
1736353461364738,"['MX', 'UY', 'CO', 'AR', 'CL', 'EC', 'PE', 'BR']",0.36664074191815854,0.5433397804917608
6768191,['TH'],0.39731580870472466,0.7346755671655256
1702103753027586,['FR'],0.11219255470632276,0.6979864228877724
6251389,"['US', 'CA']",-3.0704121198122505,0.7242820278700826
1672120680486917,"['US', 'CA']",0.33504397610956554,0.6282396633890915
1750192610892818,['NL'],-3.0704121198122505,0.9324725667963725
1691841339811842,['PH'],-0.011642522736525872,0.8156290095417894
1672986668009478,['BY'],0.38182425672790493,0.5948131590214919
1735693880924161,['HU'],0.4920012435983515,0.6082761596280227
1752090693569553,['SE'],0.4404791106491322,0.7988292730641399
1746505981460529,"['SA', 'BH', 'OM', 'QA', 'JO', 'IQ', 'KW', 'MA', 'LB', 'EG']",-3.0704121198122505,0.8779281820592264
1759170867953714,"['SA', 'OM', 'BH', 'QA', 'JO', 'KW', 'EG', 'LB']",-0.04906607993366864,0.5972408258776938
1011085,"['VN', 'PH']",0.3596733812302537,0.6211154062594171
1717232583006210,['SE'],0.2420752664452198,0.7298707734366158
1693589837272065,['VN'],0.4058854739833352,0.6674390216981446
1765400800943137,['FR'],0.24832073041099795,0.6943129627930597
1718383547650050,['KZ'],0.44812839764944185,0.5236424768007455
1695548425347074,['TW'],0.3840537097107772,0.7245425286009914
1695191272186881,"['SA', 'ZA', 'OM', 'QA', 'JO', 'IQ', 'PK', 'KW', 'LB', 'EG']",0.43733167953197105,0.5840330216197239
1695768862433282,"['MX', 'UY', 'CO', 'CL', 'AR', 'EC', 'PE', 'BR']",0.3011314471545422,0.530616312397891
1736487925281793,['ID'],0.42483980179561365,0.6413097520809583
1717872951315457,['PL'],-3.0704121198122505,0.920180874461241
5398752,"['VN', 'AU', 'NZ']",0.42355658942199076,0.6555193500519938
1717873004098561,['NO'],0.4113350570890803,0.6417422068953417
6853731,"['MX', 'CL', 'CO', 'AR', 'PT', 'PE', 'BR']",0.2585804662540623,0.6048480344379421
2379151,"['US', 'CA']",-3.0704121198122505,0.517627950485684
1690696958530561,"['US', 'CA']",-3.0704121198122505,0.8763917205173349
1738944472697858,['GR'],0.27378642804517067,0.6251384354834969
1731137385143297,"['TW', 'MY']",-3.0704121198122505,0.9017433359585437
1702615776441346,['TW'],0.35364802516929444,0.601595860579844
1771766145225730,['IL'],0.3968406246210815,0.6395178728990201
8895709,"['US', 'CA']",0.3937916550650844,0.6292744180161265
5081203,"['US', 'CA']",-3.0704121198122505,0.9670429514889298
1768509392482305,"['MX', 'UY', 'CO', 'AR', 'CL', 'EC', 'PE', 'BR']",0.4528926629424447,0.5108137190993703
1707485343250433,['JP'],0.33406213499050535,0.5748501757491633
1743688605202449,['PH'],-0.11010432125989274,0.6029145087506437
8121360,['VN'],-3.0704121198122505,0.941691336047721
1695029371415554,['DE'],-3.0704121198122505,0.9363137206511011
1709515822030849,['GR'],0.34693946577097345,0.6470717949830294
1741850392320033,['VN'],0.4013326161630971,0.6009098289963611
1740028774112258,['VN'],0.3881184978043501,0.6262901934026389
1695769002769410,"['MX', 'UY', 'CO', 'AR', 'CL', 'EC', 'PE', 'BR']",0.30850053081562184,0.6050260939099684
1731051715822594,['MY'],0.41946057054520536,0.7402165658050567
1752174568394754,['GB'],0.3602633913187027,0.6038460460023964
8310909,['VN'],0.39980679307975964,0.5613405102255042
1673359260380165,"['SA', 'BH', 'OM', 'QA', 'JO', 'IQ', 'KW', 'EG', 'LB']",0.03807081688442111,0.675850595016067
1769237292544050,['DE'],0.31473277798424126,0.5310451795944037
1714819600846850,['KR'],0.379963033569938,0.6501387847384613
1743478384978962,['VN'],0.4894023754778476,0.6767994111514057
8750521,"['US', 'CA']",0.4471696134457519,0.8166480375413756
1745028869745697,['IL'],0.3111170808488012,0.6038245911928778
1773649308319745,['DE'],0.15993218478712382,0.6254126675633953
1771649360667650,['SE'],0.36357129579974246,0.6400389253041858
5988360,['VN'],0.34169460094259335,0.6182451163764395
7078503,"['VN', 'ID']",0.39988988325002517,0.7125596773205075
1695192877708290,"['SA', 'ZA', 'OM', 'BH', 'QA', 'JO', 'PK', 'KW', 'LB', 'EG']",-3.0704121198122505,0.9163397206065123
5252512,"['SA', 'OM', 'BH', 'QA', 'AE', 'DZ', 'JO', 'IQ', 'KW', 'TN', 'MA', 'LB', 'EG']",0.3364177678795625,0.5746905483607518
1762949452156946,['KH'],0.34331327820761687,0.6107487374006528
1695769088444418,"['MX', 'UY', 'CO', 'CL', 'AR', 'EC', 'PE', 'BR']",0.300477798704706,0.6294784001319079
1695524452908033,['MY'],0.4032283541417672,0.6447522258774993
2963527,"['UA', 'RU', 'GB', 'IE']",0.2990545384870294,0.6565155073157158
1730417208825858,['VN'],0.3938858335050082,0.6926970831781106
1736960305758209,['JP'],0.3258701947192994,0.5692851523952398
1734414427011073,['IT'],0.2532817307413489,0.6447250797189417
1690659763144705,['VN'],0.4065874993964047,0.6148527170753993
1755261176398946,['DK'],0.4516872435913432,0.654772318158404
1686785566494722,['TR'],-3.0704121198122505,0.9570559514666356
2861367,"['GB', 'RO', 'IE']",0.39651408462173454,0.5821460328554777
1769227294349330,['PT'],0.24165981579562248,0.60303168360813
6888819,"['US', 'CA']",0.19782124296054182,0.5888931687472735
1732439728831489,['FI'],0.18803837288792294,0.542535718647676
1749551875837986,['HU'],-0.028519676151349854,0.6505605229653072
1709535619322882,"['MX', 'UY', 'CL', 'AR', 'CO', 'EC', 'PE', 'BR']",0.359261799194511,0.5511499014819427
1732438000449538,['FI'],0.3169358673268925,0.5389687358201888
1739401454974978,['VN'],0.39931393707932367,0.5645716255449562
7775518,"['VN', 'AU', 'NZ']",-3.0704121198122505,0.8986704128747609
1700717285620737,['GR'],0.40952844310265335,0.6648479850246958
1714699813424130,"['MX', 'UY', 'CL', 'AR', 'CO', 'EC', 'PE', 'BR']",0.24824447104991365,0.580217207503316
1739929854796801,['JP'],0.3885628768228054,0.5499159613795426
1754816678742065,['DK'],-0.07090853484529092,0.637212302454494
1971606,"['MX', 'CO', 'CL', 'AR', 'PE', 'BR']",-0.13535743690666785,0.5395066039812156
1693810939049985,['KR'],0.3051965768957693,0.6682813755294507
1699450316471298,['GB'],0.28016153811481703,0.5174333053159507
2229777,"['US', 'CA']",-3.0704121198122505,0.637471950753216
1711434786638849,"['MX', 'CL', 'AR', 'CO', 'PE']",0.43768482873544673,0.6294397428817107
6587921,"['MX', 'UY', 'CL', 'AR', 'CO', 'EC', 'PE', 'BR']",0.3400596961983741,0.5064675385989366
1757328405260290,['TH'],0.3181080733706991,0.6924070963564931
1708990849970178,"['SA', 'BH', 'OM', 'QA', 'JO', 'IQ', 'KW', 'EG', 'LB']",0.4033105081319264,0.6464357950238853
5286693,['JP'],-3.0704121198122505,0.8863787205396294
1730406207574018,['VN'],0.2713329531766218,0.7285912382986477
1707712541908993,['GB'],0.19072012289107018,0.6040309518772164
1672130743419909,"['US', 'CA']",0.6456344563022083,0.5006014170774499
9075895,['ID'],0.35545367560716523,0.7257971558310781
1694647715227650,['TH'],0.15228133083471476,0.6851254565275448
1724427189184514,['PK'],0.38186018853226356,0.6807129471687858
1695036841030657,['GB'],0.5324779253844434,0.5725715932779208
9832298,"['US', 'CA']",-3.0704121198122505,0.9332407975673183
8905119,['VN'],0.4373996249278639,0.6520845192139487
1700717203544066,['GR'],0.39838765799345505,0.6637579982861797
8636306,"['US', 'CA']",0.45757529044186057,0.744867719202554
7078113,['HU'],0.26677689165145524,0.5199525258584052
1717301867452418,['DE'],0.13850056961899582,0.6317561347144841
1715412305289217,['GB'],0.2384625614523807,0.5641800149578106
1719094834709505,['TH'],0.47421007095066736,0.675159618010589
1694644258242562,['SE'],-3.0704121198122505,0.9040480282713809
1738218399766529,['GB'],0.4375191716995334,0.5882970571562812
1672028640715781,"['SA', 'OM', 'BH', 'QA', 'JO', 'IQ', 'KW', 'EG', 'LB']",-0.18619873535135972,0.5469336720023239
6677133,"['AU', 'NZ']",0.6808648783343604,0.5304206582287423
1730406173728769,['PK'],0.3834044743998675,0.6750202731928341
1752289495218225,['DE'],-3.0704121198122505,0.8825375666849008
6085577,"['US', 'CA']",0.4367439936650146,0.7930137213761527
1694584031755266,['ID'],0.1910582816943072,0.7558611634158592
1710592,"['SA', 'OM', 'BH', 'QA', 'DZ', 'AE', 'JO', 'IQ', 'KW', 'TN', 'MA', 'LB', 'EG']",-3.0704121198122505,0.8272249511768089
1690696921339906,"['US', 'CA']",-3.0704121198122505,0.8687094128078778
1743733536302098,['VN'],0.3962370262888475,0.6122084061021671
7657980,"['US', 'CA']",-3.0704121198122505,0.6213391045633561
1741489031520322,['GR'],0.49544242873034133,0.7100981724383644
1710303142350850,['PH'],-0.47091934878002106,0.5975100297332464
1688580837563393,"['SA', 'BH', 'ZA', 'QA', 'JO', 'IQ', 'PK', 'KW', 'LB', 'EG']",0.029914276809010917,0.7020530106220328
6825716,"['US', 'CA']",0.338453606208299,0.5281245806705365
1774282580703234,['FR'],0.1437639025301497,0.7937702784478521
1769302206223378,['IT'],-3.0704121198122505,0.8333707973443746
1708585136236546,['VN'],0.3830695727965795,0.6440118436113536
1729354981773313,['NL'],0.4200742100950811,0.6366970899314858
1769388556471314,['ID'],0.37948934539303886,0.6290241261562152
8085619,"['UA', 'RU', 'GB', 'IE']",-0.059803932517087564,0.668652496896419
1735501614322689,['CZ'],0.40811245986117634,0.6981002671256525
1658495581892613,['JP'],0.3722023257614362,0.6845487668969601
1637679,['IT'],-3.0704121198122505,0.7964957203389802
1673348779685894,['JP'],0.43272207062271384,0.6337171120835974
1769935154352129,['PT'],0.35936386756580924,0.6596460467096982
1908685,"['GB', 'IT', 'IE']",0.36622823576549457,0.5944387608053766
1716603082926081,['FR'],0.12439796377480969,0.5842899587648857
1749551102733346,['FR'],0.28594293011642863,0.654958660043613
1755170505776146,['DE'],-0.009688783865308453,0.6364709834199258
1750192107946001,['SE'],0.06385418201019467,0.6097563958850474
1729239939698689,['VN'],0.4600308723145134,0.6332077331124084
1694042067160066,['ES'],0.26231121998808693,0.6438991662164346
1735589382242306,['GR'],0.39890981135327874,0.6290157231958071
2500551,['TH'],0.39352465650838186,0.7192548540211576
1707136234999809,['VN'],0.30666667289148775,0.6710840714329298
9152229,"['UA', 'RU', 'GB', 'IE']",0.3017240603163993,0.6462343452446916
1526068,['KH'],-0.06819898397182998,0.5468686981187745
1714345843065857,"['SA', 'OM', 'BH', 'QA', 'JO', 'IQ', 'KW', 'EG', 'LB']",0.34265197155379584,0.5155129450941525
1732544052753410,"['MX', 'UY', 'CO', 'AR', 'CL', 'EC', 'PE', 'BR']",0.5034957928922003,0.6170760461170008
1694560071360513,['TH'],0.3176922590763339,0.7529476772384273
1700712799127554,['BY'],0.3902512955196874,0.563623279017915
5858713,"['US', 'CA']",0.45672766559158584,0.832620812792476
1672105296352262,"['SA', 'BH', 'OM', 'QA', 'JO', 'IQ', 'KW', 'LB', 'EG']",-0.031099361534555694,0.7965123896500491
1755920005992482,['KR'],0.41309558351533904,0.5461291943805222
1672986827202566,['TR'],0.2709134479506302,0.6299022501761272
5311062,"['US', 'CA']",0.41936827271110855,0.7735430119982868
1709538829889538,"['US', 'CA']",0.31756295737065554,0.6048113456097632
1737385931936769,['MY'],0.38601241195572517,0.8733988827701502
1768474128071713,"['MX', 'UY', 'CO', 'AR', 'CL', 'EC', 'PE', 'BR']",0.3411531076314725,0.6823440616993018
1729420416668674,['VN'],0.3929773572692969,0.5566166039997196
1772265209854994,['ID'],0.33608345806677875,0.7144103181460629
1739658380282881,['ID'],0.397145076984095,0.7091165508639093
1695027942470657,['GB'],0.419892840926325,0.7268960981798531
1705878830248961,['GB'],0.3436545102005459,0.585677479364774
1714437736888321,"['MX', 'UY', 'CO', 'AR', 'CL', 'EC', 'PE', 'BR']",0.3286918389484537,0.5421907779645948
1759883889722386,['KZ'],0.40089745298030766,0.5567056539619567
1736806401258498,['DE'],0.40241473664579946,0.5654274845558763
1686044610970626,['TR'],0.4548765290268317,0.6995846172663657
1701877328285698,['PH'],0.16815725860461286,0.7961167758706121
7091528,"['ES', 'GB', 'IE']",0.24212715760422693,0.5177429307378094
9211081,['JP'],0.24057696108000465,0.6832846829581312
1739663,"['TW', 'KR']",0.46974369035355446,0.7041005265488262
2713299,['ID'],0.2237342894065918,0.6528056479546025
6238895,"['GB', 'RO', 'IE']",0.3481872744046937,0.636814580244338
5385752,['VN'],0.3784571610520388,0.6704812954963796
3639978,"['AU', 'MY']",0.4779396648072797,0.6674536182095858
1263657,"['PH', 'ID']",0.39665407358247734,0.7042776520881995
1764043372560386,['KH'],0.4754583948893437,0.5608677591657486
1698794983674882,['VN'],-0.017139584094287678,0.6916919401028955
1752814644707361,['DE'],0.3998252595382707,0.5457678974149258
9317729,"['ES', 'SG']",0.3457637925685322,0.6610800275386243
1746471679126529,"['SA', 'BH', 'OM', 'QA', 'JO', 'IQ', 'KW', 'MA', 'EG', 'LB']",0.46159754612423304,0.6422954053225122
1743733252058114,['PH'],-0.12422519105748418,0.6633349122071325
1738425578529794,"['MX', 'UY', 'CO', 'CL', 'AR', 'EC', 'PE', 'BR']",0.33418456175197264,0.6780323982640784
1724427024360449,['PK'],-3.0704121198122505,0.914803259064621
1756413186738241,['TW'],0.4754488120691911,0.7624604836952759
3250923,['VN'],0.28449890913369663,0.6193927350817848
1770378596425729,['GB'],0.1758089236781399,0.5530352607631867
1771651753127937,['PH'],0.4126711609976211,0.6690650575333873
1748621311175681,"['MX', 'UY', 'CL', 'AR', 'CO', 'EC', 'PE', 'BR']",0.38666571386141024,0.5402856368236536
1724279233783810,"['MX', 'CO', 'AR', 'CL', 'PE']",0.3605159002584442,0.6458180337243538
1726740282128385,['NL'],0.37967364578086404,0.7999336385233647
1732493853545473,['ID'],0.3082463776567293,0.6998505066903418
1691911847674882,['PH'],0.3938418872221443,0.74522099348996
1749551102733314,['HU'],0.4247066242013311,0.6639149941318763
1755168751809617,['DE'],0.3618276475245638,0.5842151642726172
1743843711746081,['JP'],0.17192550486933378,0.9974406659110071
7006780,['AU'],0.18021046228272453,0.6731986430931455
6507895,"['ES', 'GB', 'IE']",0.5304121154008509,0.5211505994266719
2658129,"['SI', 'GB', 'IE']",0.18247592256270206,0.663045594469959
1772265481709569,['ID'],0.4161461855892957,0.677254043819802
6833239,"['US', 'CA']",0.39461002518766863,0.5059985434837436
1748303624947714,['PT'],0.2984006796129161,0.6548489503643384
8792117,"['MY', 'ID']",0.48337906922841795,0.6726359193924828
5093589,['VN'],0.24240203195217283,0.5109360137076978
1721013871652866,['TH'],0.4035112349383034,0.7213068282792563
1695025787506689,['FR'],0.405903572381975,0.6549891493327806
6018996,['VN'],0.31215573867549706,0.541567133462361
1694616462059521,['TH'],0.32202801587914337,0.8057170731330198
5229352,"['ES', 'GB', 'IE']",0.3930277250757022,0.5894858881921976
1770378596425745,['GB'],0.27198697166741803,0.6424013164874453
1735599208242177,['JP'],-0.20213251753754352,0.507121412114191
1768211443916817,"['MX', 'UY', 'CL', 'AR', 'CO', 'EC', 'PE', 'BR']",0.3914718947170637,0.8639212240755114
2712226,['JP'],0.40839080350466006,0.839500504958601
1672026730048518,['ME'],0.36173688335440735,0.8268451978387551
1684284296197122,['KR'],0.23942215662166935,0.5964174317354709
5357953,['ID'],0.17128322571671434,0.5651125264356331
1761892264652834,['DK'],0.4563935622823824,0.6500309505978773
9612813,"['PL', 'GB', 'IE']",0.02915886433740226,0.5744989391238722
1677146358517761,['RO'],0.2649927689595091,0.5797054602462235
7259797,"['US', 'CA']",0.33556987581713876,0.8098053387164663
1728803985053697,['VN'],0.33463176250345217,0.7168565061992309
1754268607211537,['FR'],0.3350668603721926,0.6067558999100534
1686761582885889,['RO'],0.3161653952335866,0.6315859462236031
1734911759996929,"['US', 'CA']",0.38121930749964716,0.7038467740592247
1768214539706386,"['MX', 'UY', 'CO', 'CL', 'AR', 'EC', 'PE', 'BR']",0.30456011851887055,0.8027587789873406
1712377365906433,['KH'],0.41255020927588165,0.6891152589593575
1715242884561922,"['MX', 'UY', 'CO', 'CL', 'AR', 'EC', 'PE', 'BR']",0.382675669577993,0.5390054138642254
1708911588315137,['RO'],0.28207675315639597,0.6619379425938937
3823395,"['ES', 'SG']",0.39358750094355727,0.6946827124133362
9329070,['TH'],0.2029982398162799,0.5238345354529176
1195713,"['MY', 'SG']",0.2985298429147277,0.5075570240269544
1757803306771458,['IL'],0.4119269829336303,0.645594772586713
3500723,"['SA', 'OM', 'QA', 'AE', 'TR', 'PK', 'KW', 'MA', 'EG', 'LB']",-3.0704121198122505,0.6658964892782078
6685517,"['MX', 'UY', 'CL', 'AR', 'CO', 'EC', 'PE', 'BR']",0.016194452760813972,0.5150267066351257
3139936,"['US', 'CA']",0.3971512871021341,0.757236190224543
1709528915683329,"['MX', 'UY', 'CO', 'AR', 'CL', 'EC', 'PE', 'BR']",0.2552157067017936,0.5551269216212306
5073882,"['US', 'CA']",0.3977871476133933,0.7640678610619226
1743522632016930,['FI'],0.3842676513598301,0.5945027725106389
2398007,"['AU', 'NZ']",0.48487820297137857,0.7025961455949836
1749554287819777,['HU'],-3.0704121198122505,0.900975105187598
1730407751343106,['VN'],0.3988573278816519,0.6109659557592211
3731581,"['US', 'CA']",0.36988327631580126,0.8703501764233901
3376191,"['US', 'CA']",0.33510499695585816,0.7874562384752082
9660890,['TH'],0.3913579696716627,0.6936682348075974
1752511011701794,['MY'],-3.0704121198122505,0.9670429514889298
1769411685685298,['RO'],0.06815914644272802,0.5633933842763413
1694617137465346,['TH'],0.19144516241937853,0.6789752363716706
1694285854171202,['FR'],0.08393277732742138,0.6162733012237323
1769753719517217,['TR'],0.5090873092248379,0.680700341857104
1686044715023361,['TR'],0.39705190988229916,0.7011262541552515
1738295845374977,['VN'],0.3886012098270665,0.6253812646980031
1757699691554817,['TH'],0.4176121331286747,0.684796014278447
6775555,"['SA', 'OM', 'BH', 'QA', 'AE', 'TR', 'PK', 'KW', 'MA', 'EG']",0.42677134177222315,0.5563360225982308
9689106,['ID'],0.35719188629481763,0.6139584783003168
1700711909345282,['TR'],0.46767604855530276,0.6563660384910333
1960716,"['UA', 'RU', 'GB', 'IE']",0.27612741921722306,0.6444592975781175
6958678,['VN'],0.3971140244777604,0.6247490258046687
1708245356577793,['PT'],0.37855954775407413,0.621579921897637
1712656329125890,['MY'],0.15954363948153097,0.6940341373753738
5181181,['TH'],0.028948691679983145,0.5374639491799917
1738944960547842,['GR'],0.43066444045366165,0.7129066610624237
1753333041068065,['ME'],0.44509189855400216,0.6139074497558318
1772265235365890,['ID'],0.33508211558371725,0.5957059055025639
5911828,"['SA', 'OM', 'BH', 'QA', 'DZ', 'AE', 'JO', 'IQ', 'KW', 'TN', 'MA', 'LB', 'EG']",0.33212733640145947,0.5084186544874214
1693631923842050,['VN'],0.3987430676028356,0.6158723480537699
1746471679125505,['FI'],0.28171288571798253,0.5401111288795146
1714594710759425,"['MX', 'UY', 'CL', 'AR', 'CO', 'EC', 'PE', 'BR']",0.3938701391382755,0.7282843943419346
1766581327986690,['TH'],0.40744998834883905,0.6949107698662953
1772483946030082,['ES'],0.42047111464086123,0.5652631341264699
1710178216772609,"['US', 'CA']",0.28073737934307297,0.6582322556149214
5559050,['KZ'],0.35321018431070245,0.6192460714674793
1770122030869554,['FI'],0.26803667772425627,0.576727599136946
1696840306714625,['PT'],-3.0704121198122505,0.9247902590869153
1771651756368914,['CZ'],0.16681519691942476,0.5936620857005191
1702615828243457,['TW'],0.3154377262933001,0.6294656816105776
1721098830726145,['ID'],0.18507571581656843,0.668932430261946
1658495634612229,['JP'],0.2808469389755325,0.628363979755694
1746897955103761,"['SA', 'OM', 'BH', 'QA', 'JO', 'IQ', 'KW', 'MA', 'LB', 'EG']",0.1792407130156625,0.721582090741497
9536595,"['GB', 'IE']",0.5893932725923051,0.5006121398535605
1771833218364418,['JP'],0.061485036217279534,0.649081816424479
1896261,"['US', 'CA']",-0.4370568235586521,0.5793336717950485
2789685,"['MX', 'CL', 'AR', 'CO', 'PE', 'BR']",0.405432661070278,0.5013769688701699
1739288728407042,['MY'],0.2023063714882119,0.7453649168837009
1723656806883329,"['MX', 'UY', 'CL', 'AR', 'CO', 'EC', 'PE', 'BR']",-0.047450604361743746,0.6251144665267161
1739401456230402,['VN'],0.32264462900750407,0.63057413437249
1695096874431489,['GB'],-3.0704121198122505,0.6958574893450908
1770594586507313,['FI'],-3.0704121198122505,0.7818993356910114
1711502694841346,"['MX', 'CL', 'AR', 'CO', 'PE']",0.3719560324601039,0.7128417698429443
1752174620822530,['IT'],0.2856690521315363,0.6235037817113738
6537093,"['SA', 'BH', 'OM', 'QA', 'AE', 'DZ', 'JO', 'IQ', 'KW', 'TN', 'MA', 'LB', 'EG']",-3.0704121198122505,0.8018733357356002
1721099016810497,['ID'],0.1929450035416279,0.6843310811273946
9879733,"['US', 'CA']",0.5038318211259086,0.907661013494388
1694582808607746,['ID'],0.3101204074825606,0.7268315420851746
1739401252016130,['VN'],0.3744869635229245,0.721243410313195
1695065942222849,['ID'],-0.2958166768779984,0.5943395285249244
1713600848621569,"['SA', 'OM', 'BH', 'QA', 'JO', 'IQ', 'KW', 'LB', 'EG']",0.10922573575346003,0.6668816508916063
8886189,"['US', 'CA']",0.20649822877524543,0.7864097923218087
1693532818526210,['VN'],0.3985824124649565,0.6531571765715282
1757803306771474,['IL'],0.2055918932716588,0.5732955142651306
1725613596949506,['VN'],0.4783267143297575,0.5632812401073809
1749552718474241,['FR'],-3.0704121198122505,0.8648682589531491
1704414376583169,['PH'],0.3659976744120919,0.7851156047435732
9075900,"['VN', 'AU']",0.3756828473193019,0.6406736937470388
1749551020194849,['FR'],0.3608767615753867,0.7369641732348985
1719382326193154,['SE'],0.25785731936921036,0.7143687106774127
1769411685685282,['HU'],0.48675786691977335,0.7452232380261579
5628560,"['PH', 'SG']",0.19985734954058754,0.5734334934604945
8391567,['TH'],0.4032283541417672,0.6834156697001642
7339032,"['PL', 'GB', 'IE']",-3.0704121198122505,0.7673029510430427
1718383512094722,['KZ'],0.2013338966783318,0.5134140613342667
1772381082377233,['DE'],0.42841076984630094,0.575990317094975
1710756639046657,['VN'],0.2996726802641973,0.6681033194859844
8585325,"['KR', 'JP']",0.34934265351299987,0.8874380394497168
1759086854982705,"['SA', 'OM', 'BH', 'QA', 'JO', 'KW', 'LB', 'EG']",-0.6282850773470803,0.5013742775840706
1704427736737794,['RO'],0.3122051095582924,0.6503169038607767
6217365,['ID'],0.05640241322616328,0.6521701170784027
1752720374569010,['DE'],0.33898866450119736,0.5732247386312225
1722190997808130,['JP'],0.34315365699384226,0.5836407313173355
1738220875222018,['ES'],0.43329283814015984,0.6355799318388815
1696572963308546,"['MX', 'CO', 'CL', 'AR', 'PE']",0.31130281771338003,0.7507096170225853
1759306276576305,['TH'],0.4037027133915051,0.694575201404097
1677142216695810,['JP'],0.2038122570251559,0.6002949556458296
1751009463292962,['MY'],0.41493373943938705,0.6251270154616074
1716493181062146,['DE'],-3.0704121198122505,0.9439960283605582
1729988924221442,['PL'],0.4327800237778547,0.7423073292836582
1752274718632994,['DE'],0.33918060212596973,0.5825113329036687
1729801759373313,['PL'],0.36424724813887344,0.6973036406207177
1693854687232002,['PT'],0.4335626807026006,0.5784543500247364
7232525,"['SA', 'OM', 'BH', 'QA', 'AE', 'KW', 'MA', 'LB', 'EG']",0.3658806057500485,0.5474081366227298
1722217048904706,['PT'],0.3674023957069887,0.7282632334729036
1735485286311938,['ID'],0.3838947761314604,0.6479152420987954
1752720343698450,['DE'],-3.0704121198122505,0.8794646436011178
1734245031704577,['MY'],0.37186488675584733,0.6178349801672296
1694617222918145,['TH'],0.4135017626736615,0.7608227074033163
1695745664654337,['PT'],0.29220968081538873,0.6467808974219201
1709538693282817,"['US', 'CA']",0.2375578579786792,0.6043636549382289
7767295,"['BE', 'NL']",-0.09385470317078902,0.6862614914025964
1739288436103169,['MY'],0.39344293918186385,0.7792613382015275
2980780,['TH'],0.3849990932240204,0.5837878795623167
1710303056363522,['PH'],0.3589941458493585,0.7299637452893903
1690681203885058,['GB'],-0.14937273348425795,0.5285594569307365
1695831473041410,['PH'],0.0016488211956494955,0.7331291436350281
1728803946082306,['VN'],0.40032035487015716,0.6411184819729288
1694644355452929,['TH'],0.3171868596606645,0.5892965025402034
1671854872651782,"['SA', 'BH', 'OM', 'QA', 'JO', 'IQ', 'KW', 'MA', 'LB', 'EG']",-0.3569282932831128,0.5483643204381258
1755541489127442,['TH'],0.1955716051514472,0.7404975469352382
1696563280934914,['DE'],-3.0704121198122505,0.7803628741491201
6552319,"['US', 'CA']",0.5328188758726272,0.6604583672730377
1752092805324881,['PL'],0.36941051365600847,0.5985837418654459
7330192,"['MX', 'CO', 'AR', 'CL', 'PE', 'BR']",-3.0704121198122505,0.7619253356464227
1708417566496770,['NO'],0.38881195439955196,0.6165599991188153
1734415103300609,['NL'],0.14640430562757403,0.8918875496189003
7207797,"['TW', 'KR', 'SG']",0.39307179001467585,0.701903294103507
1737385910931458,['MY'],0.39566966478267473,0.7973836735421805
1714701418056706,"['MX', 'UY', 'CO', 'CL', 'AR', 'EC', 'PE', 'BR']",0.3923123445785744,0.6247480884340503
1695601116227585,"['MX', 'UY', 'CO', 'AR', 'CL', 'EC', 'PE', 'BR']",0.2770670760099788,0.6523898689681091
1741913057608722,['VN'],0.37783218018654574,0.6266360735665518
8320536,"['TW', 'KR', 'MY']",0.44870482775841464,0.7453268910134011
1668385922699269,"['SA', 'OM', 'BH', 'QA', 'JO', 'IQ', 'KW', 'LB', 'EG']",-3.0704121198122505,0.8825375666849008
1739401440195586,['VN'],0.3296640930211246,0.6550320811182271
6307635,['ID'],0.13688733475789416,0.5269824291907028
1958955,"['SA', 'OM', 'BH', 'AE', 'KW', 'MA', 'EG', 'LB']",0.4553608634674709,0.6560099923682893
1739404231546882,['VN'],0.022724776970705615,0.5699958543212809
6082237,"['NO', 'DK', 'GB', 'SE', 'IE']",0.4320368287487563,0.52494339752524
1736487625947138,['ID'],-3.0704121198122505,0.9293996437125897
1755541489127426,['TH'],0.4084835277249393,0.6705400665740009
1707039421947906,['VN'],0.39835982566811573,0.6776693491573437
1672502130826246,"['US', 'CA']",0.3501346464478664,0.5993135346887764
8959882,['JP'],0.32973009274904014,0.8062087923785264
1709538761183233,"['US', 'CA']",-0.05330170054484827,0.5245909245636532
1125738,"['AU', 'PH']",-3.0704121198122505,0.8694776435788234
1680305893816321,['JP'],0.27723802886123966,0.6010629650617432
1672986639510534,['HU'],0.32310527183710214,0.6258007782954312
1693570916755458,['VN'],0.40257336600269394,0.6509759925242397
7202717,"['VN', 'SG']",0.2766832347037742,0.5804218756608334
1772381082377217,['IT'],0.3445428695668964,0.6467797016286555
7210610,"['TR', 'GB', 'IE']",0.33020331504197037,0.6314744100821075
2779680,"['US', 'CA']",0.21543769083740952,0.8079477965450605
1684284299223042,['KR'],0.5136982819575059,0.5865519661484115
1724426780891138,['PK'],-3.0704121198122505,0.911730335980838
1726035034103809,"['US', 'CA']",0.36118472898071646,0.622170844462239
1707594790858753,['TH'],0.18527622121144258,0.7013181198418261
1727251400013825,['TW'],0.4013173041645329,0.6995038427371705
1773821208648705,['FR'],0.1398796346954717,0.7279458089516913
1694642426071042,['TH'],-3.0704121198122505,0.9140350282936754
1703245158008833,['JP'],0.016654668709344407,0.5718588455086403
1765410904045586,['CZ'],-0.16123488374028105,0.5486343133307584
1724470408352770,"['SA', 'BH', 'OM', 'QA', 'JO', 'IQ', 'KW', 'LB', 'EG']",0.41461155018800033,0.5982883937269186
1726904276471809,['NL'],0.29521879398592316,0.6351033996691323
1717387827033089,['NL'],0.28294825000476465,0.6520037010615385
1658495710301189,['JP'],0.022853524431022232,0.6646264643073255
1760317489090561,['HU'],0.3771096924146075,0.6215611341423811
1764066885924882,['KH'],0.4712293097167448,0.5898290950087386
9677967,"['UA', 'RU', 'GB', 'IE']",0.32675356942845835,0.5533486662097465
1714611028454401,"['OM', 'BH', 'QA', 'JO', 'IQ', 'KW', 'MA', 'LB', 'EG']",0.4828021101679287,0.6470898842534043
1732374832822274,['VN'],0.4063255606567183,0.6392394353459296
2287729,"['AU', 'NZ', 'SG']",0.353830868978028,0.7750344064644041
1690832211660801,['VN'],0.43768482873544673,0.6180897884614783
1773654622274577,['IT'],0.11135357809098415,0.764535158550779
9537123,['TW'],0.17153243494314996,0.6846351800001473
1705885139658754,['ES'],0.25161196469566377,0.5424410546236882
7550336,"['US', 'CA']",0.3692300565124783,0.7902299703370982
1734581654195201,['JP'],-3.0704121198122505,0.9670429514889298
1714297345849346,['JP'],-0.13222175799516642,0.6914048032129206
1700618236673025,['KR'],0.315001912025675,0.6730146737473892
1760231832598577,['US'],0.210211972016157,0.5064198884949807
1735485686245377,['PH'],0.1623408821063765,0.6345061293089589
1863322,"['SA', 'OM', 'BH', 'QA', 'DZ', 'AE', 'JO', 'IQ', 'KW', 'TN', 'MA', 'EG', 'LB']",0.4042673232551396,0.5276402915944963
8997707,"['MX', 'UY', 'CO', 'CL', 'AR', 'EC', 'PE', 'BR']",0.6360642590059555,0.7213744362842769
9221676,"['US', 'CA']",0.3506023262696212,0.8251180620854353
1729881220899841,['ID'],0.44826736556287633,0.6183531018622723
1717156007162882,"['US', 'CA']",0.31496930249208605,0.6363292277246086
1672187707661318,"['SA', 'BH', 'OM', 'QA', 'JO', 'IQ', 'KW', 'LB', 'EG']",0.41826138763612786,0.5485291390516394
1717766044988418,['GR'],0.47648677832626074,0.6614643105729627
1711502592171010,['GB'],0.36945816357791306,0.5525835359429351
8920962,"['US', 'CA']",0.4675629492464463,0.7838323179999213
8959015,"['IE', 'FR']",0.10760172693318959,0.5027100621938192
1698909271368705,['NL'],0.19011048097102015,0.7144184742554076
1736947320740865,['ES'],-3.0704121198122505,0.8617953358693663
8905332,['US'],0.34252548962540547,0.6603322183607916
1686046427415554,['GR'],-3.0704121198122505,0.906352720584218
1170018,"['GB', 'IE']",0.4081573713570747,0.5295670472759908
1671848935147526,['SA'],-3.0704121198122505,0.9432277975896126
1694797801980930,['TH'],0.4169062255195276,0.7176837924610924
1772265394873378,['GB'],0.17313425903433188,0.6823997089285863
1719286998471682,['SE'],0.4522207049607415,0.7321455663503708
1701278640652289,['DE'],-3.0704121198122505,0.8556494897018004
1761689696230402,['PT'],0.43990022033051307,0.6947595132174975
1769748362234898,['RO'],0.13777568044314384,0.7145802247644335
1689864511333377,['TR'],-3.0704121198122505,0.9363137206511011
1716134635254786,"['MX', 'UY', 'CL', 'CO', 'AR', 'EC', 'PE', 'BR']",0.49542897502730937,0.5874882537264176
1736487431998466,['ID'],0.4001390166490205,0.6866234659876425
1737385918688258,['MY'],0.3742760236962622,0.5940676827340695
1755154458300449,['FI'],0.33096975634597625,0.5849699975570636
1710346242337793,['PH'],0.3513006833637486,0.6834250507134143
6997655,"['GB', 'IE']",0.22429074936650267,0.521223432961537
1710771975882753,['VN'],0.38981894066165784,0.6624752718761421
1695096148334594,['NL'],0.32354540233272744,0.734091258437057
6898313,"['SA', 'BH', 'OM', 'QA', 'DZ', 'AE', 'JO', 'IQ', 'KW', 'TN', 'MA', 'LB', 'EG']",-3.0704121198122505,0.7895816434004687
1747029102355473,['IT'],-3.0704121198122505,0.8518083358470718
1721716500382722,['VN'],0.40534503884687056,0.6570842227785099
1771651748366369,['DK'],0.432382407145994,0.6137824990528373
3709966,"['US', 'CA']",-3.0704121198122505,0.9670429514889298
1719121617233921,['GB'],0.14818016430712122,0.6446094163455031
1738944644500481,['HU'],0.2877773307494068,0.6104994057393696
1740028757121026,['VN'],0.38249319315884756,0.629244985851486
1750192071466001,['NL'],0.3138543860608669,0.6590300684307805
6251180,"['VN', 'PH']",0.37402806474116895,0.7455585346073706
9627209,"['KR', 'ID']",0.38076397925038485,0.7464721472116537
7183392,"['VN', 'AU', 'NZ']",0.37499195033591776,0.699904689844965
1693552146083842,['VN'],0.43030297856471567,0.6214840222003515
1714754321751042,['KR'],0.2911970012705072,0.6696366932915606
1736353473700865,"['MX', 'UY', 'CO', 'CL', 'AR', 'EC', 'PE', 'BR']",0.3881664838688871,0.5981697939423813
7568002,"['AU', 'NZ', 'SG']",0.4183424463704416,0.7036093220563825
1701554233992194,['GB'],-0.09268860879888026,0.5430535403547367
1771418356314129,['PH'],0.4239801981517211,0.662401228587639
1767847119851538,['TW'],0.3841963543197183,0.7325398621561716
1770215386063954,['JP'],0.2747100989302348,0.6448225373733851
7851571,"['AU', 'NZ']",0.33497149783284336,0.5413309982701229
1704519112653825,['ID'],0.41665600219555854,0.7339626550445261
2927720,"['US', 'CA']",0.4334690891731735,0.8228513806180819
1578300,"['IE', 'FR']",0.39919059726845607,0.5805731795584629
1590898,"['GB', 'IT', 'IE']",0.36867097660330816,0.5210517920372675
9727581,"['GB', 'IE', 'HU']",0.22497252840320808,0.592131540459579
1686044761231362,['TR'],0.47688046251416877,0.703228429452685
7857161,['ID'],0.6134871322656238,0.6341622921402217
9861288,['VN'],-0.03318426368330752,0.6065202694595736
1755920005991426,['FI'],-3.0704121198122505,0.8756234897463893
1727530193767425,['JP'],0.31578348608507295,0.5628264595259131
1763709643174962,['NO'],0.19058475325046165,0.6704417084381173
1729882976480257,['ID'],0.39737476632399155,0.7068026661465142
1764223632918561,['KH'],0.411284689838717,0.5198190814224487
1686669003006977,['PH'],0.35082684511855267,0.788059129934293
6033896,['ID'],0.011987276313293712,0.6546048159996547
1752272576137233,['PT'],-3.0704121198122505,0.9124985667517839
1686044707253249,['TR'],0.39581940213041017,0.7053742814448479
1772898848026689,['TW'],0.38341097366838156,0.6157364090374426
1725363568499714,['GR'],0.34381757188154666,0.6882413591282243
1721671945959426,['DK'],0.3344674836467151,0.6068195061956003
6080830,"['MY', 'ID']",0.36956364736509684,0.7013365603508178
1725713319695361,['KR'],0.3952824992332457,0.6745243709654898
1704414382510081,['PH'],0.2725269972356332,0.7002753897739806
1686669022776321,['PH'],0.38957387673192917,0.731270180767043
3383592,['VN'],-0.03406371597699927,0.6056293316033404
9256168,"['US', 'CA']",0.16031342718944652,0.8074903706453015
1695026525197314,['GB'],0.37329304489003434,0.5307128134950209
1649165395330053,['JP'],0.06062492199078091,0.6309005224642522
1695752699794433,"['MX', 'CL', 'AR', 'CO', 'PE']",-3.0704121198122505,0.914803259064621
1732050157733890,['VN'],-3.0704121198122505,0.8871469513105751
1742531919621137,['VN'],0.399246106418695,0.6027912107041422
1726915536582658,"['MX', 'UY', 'CO', 'CL', 'AR', 'EC', 'PE', 'BR']",0.3261217288873303,0.6449034253927226
1737407724728322,['TH'],0.4120068040891046,0.6505772613514113
1673359560577030,"['SA', 'OM', 'BH', 'QA', 'JO', 'IQ', 'KW', 'EG', 'LB']",-3.0704121198122505,0.914803259064621
1736956246305793,['FR'],0.44774787521323606,0.6824622462668744
9765857,['VN'],0.4393823179636255,0.7594508719740347
3139893,['TW'],0.06254028566434677,0.5972224152083766
1398796,"['US', 'CA']",0.3847565544896176,0.5378554608367401
1755154458300433,['FI'],0.41809920485168783,0.548575267312931
5323368,"['AU', 'NZ', 'SG']",0.48990064825154866,0.663376505744134
1767847119851522,['TH'],0.4186924858929906,0.6576986314839435
1764761367947266,['KH'],0.4073539442841859,0.5044563343349877
1691180447734785,['JP'],0.20536927900189608,0.6706846463522396
1708440532375554,"['MX', 'UY', 'CO', 'AR', 'CL', 'EC', 'PE', 'BR']",0.13635748931248576,0.6100086267633131
1695193495897089,"['SA', 'OM', 'ZA', 'BH', 'QA', 'JO', 'PK', 'KW', 'LB', 'EG']",0.49529664833950354,0.6246691586701497
1686041565040641,['TR'],-3.0704121198122505,0.9186444129193497
1749551236322305,['HU'],0.36086975866406196,0.638089514738184
1707001515026434,"['US', 'CA']",0.34562755961402597,0.5972661203930808
2726180,"['US', 'CA']",0.397005315548172,0.7335378409646186
9370273,"['US', 'CA']",0.4045037812668058,0.6266079174524678
1852276,"['GB', 'IE']",0.3343872219397705,0.597113410959231
1739401463816194,['VN'],0.3918355342202384,0.7421369694169123
7960156,"['AU', 'TW', 'KR']",0.3876286038178003,0.7206915132732383
6233278,"['ES', 'OTHER', 'GB']",0.30515446879288344,0.5862165060248155
1729420048067586,['VN'],0.4686356859665888,0.6213088313142882
1731144009953282,['KR'],0.3896343655403184,0.6534307134992889
3195369,"['AU', 'NZ', 'SG']",0.19684624689638364,0.7104562890603653
1672986645879813,['TR'],0.3988326266201784,0.656400078684079
1669008361646085,['JP'],0.4714915774082375,0.7740422729544436
1746579210216466,['PH'],0.2584526887395091,0.6116202893561886
1695025848732673,['GB'],0.3728996284740388,0.56450716245564
1755256243961858,['DE'],-3.0704121198122505,0.8364437204281575
2502751,"['SA', 'OM', 'BH', 'QA', 'AE', 'DZ', 'JO', 'IQ', 'KW', 'TN', 'MA', 'LB', 'EG']",0.36282425669296786,0.5711150276817897
5160681,"['AU', 'NZ']",0.06088983359360768,0.5400397622789478
5897557,"['TH', 'KH']",0.3178376573358168,0.743785461136716
7615952,"['US', 'CA']",0.5141348757233715,0.8488554557644644
5320637,"['TR', 'GB', 'IE']",-3.0704121198122505,0.900975105187598
1699455852640258,['FI'],-3.0704121198122505,0.9670429514889298
2281096,['ID'],0.27891928854518894,0.5757983974180784
1746933506576386,"['SA', 'OM', 'BH', 'QA', 'JO', 'IQ', 'KW', 'MA', 'EG', 'LB']",0.4249304423002938,0.7065513356008599
1754509725670401,['TW'],0.3331346718144394,0.7128948735138279
3870531,['BY'],-3.0704121198122505,0.9670429514889298
9630899,"['GB', 'RO', 'IE']",0.4460361666265357,0.6551321322719578
1768147951861793,"['MX', 'UY', 'CO', 'CL', 'AR', 'EC', 'PE', 'BR']",0.367220733965628,0.8190212863310491
1690600005280769,"['SA', 'OM', 'BH', 'QA', 'JO', 'IQ', 'KW', 'LB', 'EG']",0.329776672107423,0.8162290788674559
1728866658882562,['ID'],0.40607545308207366,0.6824055081038924
5506285,"['AU', 'ID', 'NZ']",0.33252759708746354,0.5916811322507646
1770122728379393,['PL'],0.11695034622882311,0.6190481783137023
1771649360667698,['JP'],0.3959347740065028,0.6990753961614442
1771766145225762,['JP'],0.0650784568514724,0.7004943961535866
9732175,"['US', 'CA']",0.3816053069803913,0.5424083865983073
1755803536984066,['DE'],0.34218297850662766,0.5636827453135012
2259209,['VN'],0.4496848494755283,0.675502718772009
1695311101589506,['TW'],-1.66527203443063,0.7514316710673553
1695027469140994,['IT'],0.1103838572744232,0.5814092891347427
1725363675133953,['KZ'],0.41764114749721737,0.5412703816450587
1724470451737666,"['SA', 'OM', 'BH', 'QA', 'JO', 'IQ', 'KW', 'LB', 'EG']",0.55201679774613,0.6991668410761044
1719659311157249,['TH'],0.472221327183664,0.7793411519186585
3180051,"['US', 'CA']",0.3680424814055078,0.5250598072694337
1735138344199169,['NL'],0.35701461373821897,0.6328121147897957
1738944561390594,['CZ'],-3.0704121198122505,0.9370819514220468
6903900,"['GB', 'RO', 'IE']",-3.0704121198122505,0.7250502586410282
1737386027356162,['MY'],0.37661820898279924,0.7805436015464875
1730406060776449,['ID'],0.41181164844080964,0.7304420575316254
1741913158257666,['VN'],0.3478876854627316,0.724127662154523
1729833018645505,"['US', 'CA']",0.1396830106335235,0.5781024535926071
1193822,"['US', 'CA']",0.3721922080766208,0.7897110426807659
1772483949089793,['GB'],0.3030415406709859,0.6239069145976297
1736488213441537,['ID'],0.41141503486795145,0.6988984891515063
6518615,"['ZA', 'JO', 'TR', 'PK', 'EG']",0.32832545997717705,0.5561768289545937
1736487777311745,['ID'],0.46618267997227986,0.7629793532086652
1689841489642498,"['SA', 'OM', 'BH', 'QA', 'JO', 'IQ', 'KW', 'LB', 'EG']",0.5777282464219583,0.6935674672686405
5390991,"['US', 'CA']",-3.0704121198122505,0.9270949513997525
1706957000738817,['VN'],0.40048008813985164,0.6416370739104172
1703245393506306,['JP'],0.3432835876265311,0.5702447036133265
1719287042401282,['NL'],0.3674058222366212,0.6017956270926041
1714584384336897,['GB'],0.3778553507110054,0.5413850370923717
1736806501390337,['GB'],0.26038323405373476,0.5117455717062876
5222102,"['KR', 'ID']",0.3939078042479582,0.6947985526341812
1752275425169409,['PT'],0.4001974255935698,0.7049759445854016
3657851,['VN'],0.17228536997787683,0.7103085601709493
1703429274086465,['MY'],0.2272486057939753,0.8182156560307237
1671849238077446,['ZA'],0.498951236817204,0.6773338402071637
1738944757507074,['GR'],0.3436545102005459,0.6816923082562654
1716134646375425,"['MX', 'UY', 'CO', 'AR', 'CL', 'EC', 'PE', 'BR']",0.3903370570651643,0.6027648045026487
1690666906975234,['VN'],0.47129732692297865,0.6569207488747209
1710346229551105,['PH'],0.33822723995718457,0.624144481316159
1722268364673026,['PH'],0.47357673630475966,0.7998445649751981
2097663,['KR'],0.0913842110212802,0.6640187022406142
1754531766565889,['BR'],-3.0704121198122505,0.8203108742382974
5810618,"['VN', 'KH']",0.21219512251723763,0.6918786164347999
1695535225123841,['PH'],0.3759594302022134,0.6614244231805403
1693810919455746,['KR'],0.39453486530291415,0.6850607778614719
5831795,"['AU', 'NZ', 'SG']",0.30173683771409604,0.7140100853603537
1736487925960705,['ID'],0.4096178392360396,0.716946724014925
9699751,['ID'],0.3699342496441796,0.5430645827136643
1734413363948546,['ES'],0.435026085926751,0.5942699989367096
1671655809916934,"['US', 'CA']",0.38285803577872124,0.6340206607164282
3271035,['TH'],0.47005847237945864,0.6858828118146897
1553682,['ID'],0.3754860860293812,0.5130289314317549
1695538424423426,['MY'],0.37759375152832136,0.7306982760858374
8818299,"['SA', 'ZA', 'QA', 'AE', 'JO', 'PK', 'KW', 'MA', 'LB', 'EG']",0.7300402192442234,0.5384382370652966
1710766312791041,['VN'],0.3950637185947248,0.6491325459320477
1729809218302977,['PL'],0.4179050501963896,0.6926518015435315
3026838,"['VN', 'PH']",0.5535041269995484,0.6760701893151171
1520799,['VN'],0.3855900713408239,0.6020365014357444
5968689,['US'],0.41508007551829895,0.7038316900778215
1726740365038594,['FR'],0.359613613539802,0.6749663925428927
1668911729787909,"['US', 'CA']",0.3460875593355588,0.5577446812389173
8706697,"['US', 'CA']",0.4002834813422622,0.5354920853220294
1752092808077314,['PL'],0.3862539443428013,0.6386916695881623
2937155,['VN'],-3.0704121198122505,0.8771599512882808
1711506485296130,['FR'],0.45166909969429003,0.7592359799056995
1729975228311554,['IT'],0.3471374099542583,0.6169523306812448
6669692,['VN'],0.3812258539766385,0.6894468051589402
1123367,"['SA', 'BH', 'OM', 'QA', 'DZ', 'AE', 'JO', 'IQ', 'KW', 'TN', 'MA', 'LB', 'EG']",-3.0704121198122505,0.8041780280484373
7730672,"['US', 'CA']",0.32674572858291695,0.516380158600514
1768119758272514,['FR'],0.31789821928442064,0.6787718849545281
3383029,['JP'],-3.0704121198122505,0.7273549509538654
7029388,"['MX', 'CL', 'AR', 'CO', 'PE', 'BR']",0.4064851595822516,0.5314565891296907
1773648874340369,['DE'],0.11197704042748054,0.5107333145800933
1732310494930946,['VN'],0.1731733809675028,0.6781835338635538
5769891,"['LT', 'GB', 'IE']",0.33451333790149346,0.5744924319701125
6393291,"['US', 'CA']",-3.0704121198122505,0.659750643110642
1695096263485442,['SE'],-3.0704121198122505,0.9109621052098923
1736487488138241,['ID'],0.014225152144251265,0.6392707473612254
9656891,"['US', 'CA']",0.3773518189799723,0.7661361643297588
1729874440249346,['ID'],0.40184664844432155,0.6500815339688928
1700060109672450,['MY'],0.47567392797188235,0.664044392329779
9657251,"['US', 'CA']",0.21711084001702968,0.7585428508547382
1686669704112129,['PH'],0.4284779535401303,0.7486212497519931
8756135,"['TR', 'GB', 'IE']",-0.3790391984322336,0.5300780184834909
1684211805072385,['JP'],-0.11826103307981832,0.5724796926851272
1671942835117061,"['SA', 'BH', 'OM', 'QA', 'JO', 'IQ', 'KW', 'LB', 'EG']",0.2730707419011333,0.6992289780224865
1714052438738946,['FR'],0.41615201693043524,0.930338213274724
9616890,"['US', 'CA']",0.47139932401054085,0.8891366568600861
7900998,['PH'],0.44554985385484414,0.6741977108472644
1768586056958977,"['MX', 'UY', 'CO', 'CL', 'AR', 'EC', 'PE', 'BR']",0.31452056388317434,0.688775485600903
5099162,['BR'],-0.25448886161227174,0.6226104380089338
1689833788033026,['TR'],0.28468823962335854,0.6820754715247581
1748512664284209,"['MX', 'UY', 'CO', 'CL', 'AR', 'EC', 'PE', 'BR']",0.472327853962161,0.7337003555119662
1714410483801090,"['BH', 'OM', 'QA', 'JO', 'IQ', 'KW', 'MA', 'LB', 'EG']",0.45444792462519384,0.6192959224956956
6833208,['PH'],0.059030552561167175,0.5164146415656404
1719463946291202,['DE'],-3.0704121198122505,0.9670429514889298
8660271,['VN'],0.13907777061241286,0.6904931363232749
1295012,"['MX', 'UY', 'CL', 'CO', 'AR', 'EC', 'PE', 'BR']",0.3907369558240543,0.5991906072469235
8777520,"['VN', 'SG']",0.34756584433847004,0.6926964337030546
5683738,"['BE', 'NL']",-3.0704121198122505,0.610583873770116
3717936,"['US', 'CA']",0.39359692648071026,0.5316529543462026
1754632545661953,['SE'],-3.0704121198122505,0.8886834128524663
1694647755331586,['TH'],0.4068852914509474,0.6774231141694903
1766126778793985,['TH'],0.47734268404092056,0.7352314253908554
2619362,['ID'],0.298340384490276,0.6094832256149714
8252607,"['TR', 'GB', 'IE']",0.44647950826568117,0.5510811085753904
1635870,['TH'],0.5113058770747775,0.699718258125769
1671849021974534,"['ZA', 'OM', 'BH', 'SA', 'QA', 'JO', 'IQ', 'PK', 'KW', 'EG']",0.4680789277490967,0.6379947418190166
6261963,"['TR', 'GB', 'IE']",0.3772855022439256,0.6162608419471188
9756566,"['US', 'CA']",-3.0704121198122505,0.7027715662836024
1750097742715922,['MY'],0.4313056647078122,0.7169078363325143
6970675,"['AU', 'NZ', 'SG']",-1.2766224735470318e-05,0.798371252609894
1741852457876497,['VN'],0.37311489412645205,0.7316142705196417
1757803456500738,['IL'],0.4489821698897518,0.6158109276715024
5869200,"['VN', 'AU', 'NZ']",0.4117584022731051,0.6592152416100233
1751009383755810,['MY'],0.43132507450271335,0.6131332924600463
1725713402974209,['KR'],0.4710737842536889,0.6066031497399061
1671869410894854,"['SA', 'OM', 'BH', 'QA', 'JO', 'IQ', 'KW', 'EG', 'LB']",0.33542134482155284,0.6589788398354982
1695037018246146,['GB'],0.19172733395283553,0.6154821494522019
1759969798094866,['KH'],0.407815876319718,0.6044365800112073
1878712,['TH'],0.3803572068085994,0.7251884395480607
1769918920119298,['ID'],0.18320839449328893,0.6904928198633584
1672279992480774,['ME'],0.5389434702123354,0.8428814097654652
1721118889344001,['SE'],0.35266018983330305,0.6392576092312515
1705177842106369,['ID'],0.4018863882954905,0.6465457043738415
1695648893714433,['TW'],0.4671840037945481,0.7100040868380685
1743215722225665,['PL'],0.4570282974375076,0.6734348456160258
1685047356014593,['JP'],0.26314964791688655,0.610420279314362
1672108412836869,"['SA', 'ZA', 'QA', 'JO', 'IQ', 'PK', 'KW', 'EG']",0.25206918485930685,0.610703033759243
7161885,['VN'],0.44912074547811576,0.7059473199224773
5583099,"['MY', 'ID']",0.5109312107785207,0.6683165381851796
6813656,['VN'],0.250705528739168,0.5933858912612027
1690535787071490,"['US', 'CA']",0.3741989771807027,0.522299549244845
1737143080896513,['ID'],0.43256471310498734,0.6870519264674085
1721100289570817,['FR'],-3.0704121198122505,0.9439960283605582
1693546002994177,['VN'],0.30875447021341307,0.5391794350213309
1764043372560418,['FR'],0.23071170958471676,0.6699507862651197
1695025817369602,['NL'],0.34934265351299987,0.7178914717184749
1738944493137985,['GR'],0.3896470984822408,0.6701724896245804
2306691,"['US', 'CA']",0.23057157334696182,0.8087597637533862
1743215735743490,['PL'],0.37699685482450634,0.6199221119820951
1742577894443009,['NO'],0.38411531451409275,0.7246009674369026
2008658,"['AU', 'NZ', 'SG']",0.21376661756543686,0.7291846810991593
3238121,"['TR', 'GB', 'IE']",0.352602616163771,0.5021147842461984
2677538,['FR'],0.21708265421254652,0.5263732850047566
1686044721343489,['GR'],0.26361390021163245,0.6185810182117603
1719206878123010,"['MX', 'CL', 'AR', 'CO', 'PE']",-3.0704121198122505,0.8940610282490866
6715607,"['HR', 'GB', 'IE']",0.36884835795491117,0.6480092889165354
5570755,"['ZA', 'OM', 'SA', 'BH', 'QA', 'JO', 'PK', 'KW', 'MA', 'EG']",0.31702900173255727,0.6175497397792714
1724428408471553,['PK'],0.3992861900145762,0.7013373606518958
1691911668822018,['PH'],0.28862810241248715,0.7062410513567371
1687938893060098,['MA'],0.5192818336024825,0.7304215579042127
1649165497425926,['JP'],0.2500138018246349,0.6464832837662888
9188601,"['MY', 'SG']",0.39270333516441625,0.6359773605221739
3029927,"['GB', 'IE']",-3.0704121198122505,0.8172379511545146
2855138,"['VN', 'PH']",0.47435196756356623,0.7922715486027083
1704428186539010,['RO'],0.31520156860389814,0.6455782469339614
1727747975646209,"['MX', 'UY', 'CL', 'AR', 'CO', 'EC', 'PE', 'BR']",0.3571670744018979,0.6239096895118051
5060767,"['AT', 'CH', 'DE']",-3.0704121198122505,0.5982921814349844
1735661874724866,['JP'],0.22769523829971677,0.5742137759076693
1760317489089553,['HU'],0.2608078632613317,0.6411422353301579
1724470390768641,"['SA', 'OM', 'BH', 'QA', 'JO', 'IQ', 'KW', 'LB', 'EG']",0.4966284800411874,0.6277931447724572
1714352438792193,"['OM', 'BH', 'QA', 'JO', 'IQ', 'KW', 'MA', 'EG', 'LB']",0.4122727223014877,0.6386430191740802
1753012934144049,['DE'],0.012986399065480204,0.580487438573628
6391371,"['US', 'CA']",-0.00933057352649766,0.5444752065495819
1695538963129346,['MY'],0.33831403374760377,0.8570158327787687
1716134837023746,"['MX', 'UY', 'CO', 'CL', 'AR', 'EC', 'PE', 'BR']",0.17803054576499902,0.5317467823597065
1695038938773505,['ES'],0.39681575780803163,0.6003477974961025
9656110,"['SA', 'BH', 'OM', 'QA', 'DZ', 'AE', 'JO', 'IQ', 'KW', 'TN', 'MA', 'EG', 'LB']",0.30992565152611273,0.6130838473168222
5338213,['JP'],0.36826123685143863,0.9008072636706936
7257335,['VN'],0.3541890651510447,0.6485685828023101
1752626937237505,['DE'],0.37613923974307245,0.5364281871561322
2357972,['TH'],0.3855094048129235,0.6899533680247175
1743882944482306,"['MX', 'UY', 'CL', 'AR', 'CO', 'EC', 'PE', 'BR']",0.4319704324095345,0.6773093331092673
8710617,"['MX', 'UY', 'CL', 'AR', 'CO', 'EC', 'PE', 'BR']",0.4950834579954818,0.5891408858470596
8970380,['ID'],0.139792262031639,0.5396222334900672
1767219614304257,['GB'],0.38143853724469506,0.5216449634923899
1726073812314114,['PH'],0.4037482856064529,0.6987124369105849
7378621,"['US', 'CA']",0.3899493481377492,0.7727778588699693
1707735763608578,"['MX', 'UY', 'CL', 'AR', 'CO', 'EC', 'PE', 'BR']",0.30393077217620357,0.62025928108949
3835818,"['US', 'CA']",0.321765075277418,0.5154549522228414
1752720282275889,['TH'],0.40685522477773445,0.6821735428821718
1688583780713474,"['SA', 'BH', 'OM', 'ZA', 'QA', 'PK', 'KW', 'MA', 'EG', 'LB']",0.3408988310406841,0.6800979242749086
1667575616633862,"['US', 'CA']",0.15294437007038267,0.6582277724433603
1726873294586882,['JP'],-3.0704121198122505,0.7649982587302055
5789675,"['GB', 'PK', 'IE']",0.3414221084579991,0.578239956244532
1765665791819793,['KH'],0.38017989253128287,0.5082936160918232
1700711878316033,['UZ'],0.39611865422555853,0.6169563459441366
1714584045969410,['GB'],0.43610058203632257,0.6574200324258477
1684394145691650,['KR'],0.05326664504958501,0.5796080271639468
1729275453642754,['IT'],0.3094984060838581,0.6307323771397704
1173832,['ID'],0.09142695036124666,0.5875149432796247
1746466901267473,['KR'],0.37911051828449777,0.6586788973784281
1734911755347970,"['US', 'CA']",0.27147422818254785,0.6562115940420337
1691841896401922,['PH'],0.2899019963791244,0.7031354942190972
9386075,['MY'],0.44253260061092686,0.6173095969259582
1736487906247681,['VN'],0.5137658159822128,0.6463578713768408
1695612806451201,['PH'],0.2899329999164413,0.6773953658818864
9381993,"['UA', 'RU', 'GB', 'IE']",-3.0704121198122505,0.6927845662613079
1713957111455745,['PT'],0.28599229152116906,0.7462341416451242
1753530,"['IE', 'FR']",0.31099732318546514,0.5506243383776958
5602973,['DK'],0.2603539272555796,0.6395246735366154
1003316,"['TW', 'KR', 'SG']",0.41238492859828313,0.6996654460601647
1740557161877506,['MY'],0.27030909078500376,0.6996198626464638
1710344460649474,['ID'],-0.08529355968001946,0.6063079882277319
2075587,"['AU', 'NZ', 'SG']",-3.0704121198122505,0.9255584898578609
1770457600736257,['JP'],0.3331154792798795,0.7030864503904184
7597899,"['MX', 'CL', 'AR', 'CO', 'EC', 'PE', 'BR']",0.5385568905663146,0.699312515322733
1695577889971202,"['MX', 'CL', 'CO', 'AR', 'PE']",0.3127764013632455,0.5653546688886018
1721013868565506,['TH'],0.47095222421805705,0.772307689772756
1668385955785733,"['SA', 'ME']",0.4740007118265244,0.6956346253354714
1721716519456770,['VN'],0.33029244604463837,0.7223530872360079
2279136,"['GB', 'IE']",0.4085403446265005,0.54414856909666
1703462395747329,"['US', 'CA']",0.3458079630315905,0.6584679243167956
1686044718017537,['TR'],0.412414449641663,0.6926317569418616
3318612,"['PL', 'GB', 'IE']",0.3797525972353531,0.5184616858068065
1747655791775793,['VN'],-3.0704121198122505,0.9670429514889298
1717314112993281,['SE'],0.35297664892104735,0.6290558231989302
1710346266707970,['PH'],0.395291872004517,0.7053822538939162
7555755,['VN'],0.3009948533530504,0.6294350160436507
1695576776484866,['GB'],0.20987151639002935,0.688288144822154
1711419041101825,['PH'],0.4465981500324142,0.6776374822381184
1695517073046529,['GB'],-0.05806000572270491,0.54336867823354
6517798,"['US', 'CA']",0.33937241781042987,0.8023574722855416
9629372,['VN'],0.35743989314203256,0.6143261183313641
1769388556471330,['RO'],0.29669052509067756,0.6675079649722526
7519665,['VN'],0.40430674578621584,0.6988132085714859
1703471807921154,"['US', 'CA']",0.343279876098594,0.6368677192002192
1736487442745345,['ID'],0.33147577893000474,0.7215159063208963
1707736038152193,"['MX', 'UY', 'CL', 'CO', 'AR', 'EC', 'PE', 'BR']",0.3580024672302409,0.5060812365094539
1707312780691458,['JP'],0.35236500866039294,0.5976476094997574
2729373,"['GB', 'PK', 'IE']",0.4493141220395641,0.6827823792531362
1704427801912322,['RO'],0.4598745136560988,0.6856909152872295
1695030662446081,['ID'],0.39310011407977496,0.6906621317845505
1732549373538306,"['MX', 'UY', 'CO', 'CL', 'AR', 'EC', 'PE', 'BR']",0.38967256275525025,0.6986420038392105
5585206,"['GB', 'IE']",-3.0704121198122505,0.7934227972551973
9082283,"['US', 'CA']",0.4118353103903957,0.7960105737901177
1773554981556242,['IT'],-0.08518614908087581,0.6681685634142169
1695025785616385,['ES'],-3.0704121198122505,0.9324725667963725
1771651728348161,['PH'],-3.0704121198122505,0.8333707973443746
1707982,"['SA', 'BH', 'OM', 'QA', 'AE', 'DZ', 'JO', 'IQ', 'KW', 'TN', 'MA', 'LB', 'EG']",-3.0704121198122505,0.7926545664842515
1696368514880514,['ID'],0.2979352336690324,0.6527586980654692
3595328,"['US', 'CA']",-3.0704121198122505,0.6136567968538988
8003837,['SG'],0.42400292544127305,0.7297529519546443
1735485343950850,['ID'],0.16549389570520423,0.686109402284266
7086019,"['MY', 'ID']",0.326690836961916,0.6824506858925362
2803125,"['MY', 'ID']",0.39182921379572416,0.6602985906450387
1768509295170561,"['MX', 'UY', 'CO', 'CL', 'AR', 'EC', 'PE', 'BR']",0.42172741016492354,0.6861809333755217
1717235599448066,"['US', 'CA']",0.3440101676703436,0.6753246793284448
2322011,"['US', 'CA']",0.38512190519012435,0.8039543180186588
1087262,"['GB', 'IE', 'HU']",-3.0704121198122505,0.9048162590423268
8716810,"['LT', 'GB', 'IE']",0.37145269980117457,0.5297825593693903
1657121,"['US', 'CA']",0.42569696501642346,0.7752362407439641
1737390105893889,['MY'],0.4681329316470115,0.8635440687930136
1749004123327490,['SE'],-3.0704121198122505,0.8932927974781407
1762598247044114,['HU'],0.4110772067032068,0.6536585254769733
1746474759433249,"['SA', 'BH', 'OM', 'QA', 'JO', 'IQ', 'KW', 'MA', 'LB', 'EG']",0.45777348969547016,0.6932061680111984
1673359233746949,"['ZA', 'SA', 'OM', 'QA', 'JO', 'IQ', 'PK', 'KW', 'LB', 'EG']",0.369444550081858,0.6489697246359567
5616887,"['AT', 'BE', 'NL', 'CH', 'DE']",0.22894447389729766,0.5119145360284407
1674009161491461,['BY'],0.3758228365891258,0.5394034007112152
1741913061098497,['VN'],0.29767202546845906,0.6783622118237195
9672999,"['US', 'CA']",0.4172927909155337,0.8363666191213406
1680306084527105,['JP'],0.23952684577626246,0.7303018064699739
5328826,"['NO', 'DK', 'SE', 'GB', 'IE']",-0.01028674714169316,0.5476606455717565
1729271917188098,['IT'],0.30819218620232597,0.6430579128666722
1693811074963458,['KR'],0.31357194099598523,0.6835914352959405
1768509295170577,"['MX', 'UY', 'CL', 'CO', 'AR', 'EC', 'PE', 'BR']",-3.0704121198122505,0.7381101817471054
1561930,"['TW', 'KR', 'MY']",0.3986411232923227,0.6558315178400876
1752090733056018,['PL'],0.16961875235561505,0.6854118058156874
1752720507121697,"['MX', 'UY', 'CO', 'AR', 'CL', 'EC', 'PE', 'BR']",0.353447127869145,0.6212058941787412
6301137,"['MY', 'ID']",0.37687401304122675,0.7050925889435599
1716460631262210,['TW'],0.38121276088070855,0.7634572243315099
3602129,"['MY', 'ID']",0.24682252462047913,0.6828163660211047
1769302206223410,['ID'],0.38082953641464706,0.7066723569385236
1694583472313345,['ID'],0.4622389665976593,0.6663063478557493
6729353,"['US', 'CA']",0.4635177339712499,0.8466658097033396
2135121,['MY'],-0.03006228462808779,0.7382987696861453
6738735,"['ZA', 'SA', 'OM', 'QA', 'AE', 'TR', 'KW', 'MA', 'LB', 'EG']",0.6220429645028932,0.5825326641121805
1527988,"['GB', 'LV', 'IE']",0.3110344944405228,0.7097731511263701
2252195,['SE'],-3.0704121198122505,0.7504018740822369
1695155453571073,['IT'],-3.0704121198122505,0.8763917205173349
1754531055179777,['ES'],0.3190667021924132,0.5813389923831881
1695030771672066,['ID'],0.39145923850131464,0.6310574389483085
1697813860514817,['ID'],0.3749618754431747,0.6606110221502988
1755797122182146,['TH'],0.4086569353059969,0.6870650197239125
1690120188411906,['GB'],0.4190854349470784,0.57227405399079
5518672,['RU'],-0.03131747265930673,0.5859545703252071
3857259,"['MX', 'AR', 'OTHER']",0.0046601237873735305,0.6002666396347206
1711502592367617,['ES'],-3.0704121198122505,0.9032797975004352
5503681,"['US', 'CA']",-3.0704121198122505,0.6305578738147047
1714878888865794,"['MX', 'UY', 'CL', 'AR', 'CO', 'EC', 'PE', 'BR']",0.32972232882395214,0.801531932292065
5895016,['TW'],-3.0704121198122505,0.8971339513328693
1694575955232769,['ID'],0.3105178169485404,0.6718377430276316
1763709640109090,['NL'],0.3838396163561288,0.6117567659739852
6992269,['ID'],-0.27509297174337954,0.6698315547724734
7271170,"['SA', 'OM', 'BH', 'QA', 'AE', 'DZ', 'JO', 'IQ', 'KW', 'TN', 'MA', 'LB', 'EG']",0.33735414191257224,0.5560400304256654
9619516,"['MX', 'UY', 'CO', 'AR', 'CL', 'EC', 'PE', 'BR']",0.40237811803238027,0.5168365295715481
8299766,"['US', 'CA']",0.4521663661017663,0.5222877399644658
1694571907194881,['ID'],0.397957516744002,0.6873306091990465
1706345392129025,['DE'],-3.0704121198122505,0.8479671819923433
2387610,"['US', 'CA']",-0.19887330775892234,0.6779400433347361
1700618233657346,['KR'],-0.11638392382484591,0.5121070621812368
1735529545413634,['CZ'],0.5233874319387732,0.777041305552141
1752092805324913,['TH'],0.40732392424729047,0.6910157807421313
1739422683456514,['VN'],0.4094807543396846,0.609839347709666
1721099845323777,['ID'],-0.08234600400372406,0.6093594653846275
1752174599238690,['PT'],0.41040635762317473,0.6724928080191006
1762880220789809,['TH'],0.4105459932980133,0.658792227261408
1695290864139266,['MY'],0.4041186843546792,0.6617333547268844
9265717,['ID'],0.46596520566715954,0.708278745254639
1704596569660417,['PH'],0.444858683388215,0.7560311726795844
1705233310094338,['ID'],0.48055386047647974,0.6283736611468222
3022657,['PH'],0.30010548416190813,0.5667610193433106
1732493776177153,['ID'],0.4119890678781599,0.6562257661772014
6192927,"['US', 'CA']",0.5494196504008578,0.5197005078231574
1771651756368898,['PH'],0.4837871796186644,0.6391038594654227
1695601582119937,"['MX', 'UY', 'CO', 'CL', 'AR', 'EC', 'PE', 'BR']",0.34499345215668764,0.5762095731946449
1695769192099842,"['MX', 'UY', 'CL', 'CO', 'AR', 'EC', 'PE', 'BR']",0.2921657218270865,0.6358621274896321
1707039417627650,['VN'],0.4377336937772176,0.6051241111430584
1760219117725713,['US'],0.3348379396554691,0.5884954339094458
1731137486777346,['MY'],0.4577353845576441,0.6860067970093727
1704427801485313,['RO'],-0.04294871261841848,0.6661845321337544
1764775761397761,['NO'],0.46868959037994795,0.5529149770342056
1714699813677058,"['MX', 'UY', 'CO', 'CL', 'AR', 'EC', 'PE', 'BR']",0.3579777218637617,0.5575285650278465
1733128229522434,['TW'],0.4774355194983119,0.7603849313090506
1736956048423938,['ES'],0.3434653966267381,0.5788411878426487
1732427839230978,['ID'],-0.2568634622569867,0.6431888892749269
1693810073212929,['TH'],0.191156584090299,0.6914593333763546
1737385941465090,['MY'],0.38309885085963874,0.8448569606900956
1754816440803361,['DE'],-0.22513392703692758,0.6122914058017193
1695526269280257,['MY'],-3.0704121198122505,0.9670429514889298
2318859,"['GB', 'IE', 'HU']",0.329776672107423,0.6437946174977088
1721013824397314,['TH'],0.20135765288101679,0.641712701945436
1735590506937346,['CZ'],0.2790616500643337,0.615109481703447
1822136,"['GB', 'IE']",0.3747746754343649,0.5315295311007187
6353600,"['US', 'CA']",0.4229186343472954,0.7507447872210403
1767396942046210,['GB'],-0.08514012766186743,0.5439612353307172
1769098122602498,['MY'],0.39923377193389764,0.7319113703104656
3001689,"['TW', 'KR']",0.41987556198856807,0.7698051033548958
1695036672095234,['ES'],0.44427751244586644,0.6211880860591457
1762949452155938,['BR'],-3.0704121198122505,0.802641566506546
1768432749385762,"['MX', 'UY', 'CL', 'AR', 'CO', 'EC', 'PE', 'BR']",0.40163257467243724,0.8236298550074701
1741279140672513,['VN'],0.4797849646758716,0.6335096008253428
2662691,"['SA', 'BH', 'OM', 'QA', 'AE', 'DZ', 'JO', 'IQ', 'KW', 'TN', 'MA', 'LB', 'EG']",0.3202587209832445,0.5186111152131887
7313876,"['US', 'CA']",-3.0704121198122505,0.6443860276917276
1735486913351682,['PH'],0.4840387670354877,0.7258823534352375
1099005,['VN'],0.3216335190550547,0.6594091607978133
1694572439183362,['ID'],0.17964940819661007,0.6855593607148801
1752720282276865,['TH'],0.3215856662129611,0.6675673498549722
1686754849566721,['RO'],0.046935300209868,0.6152058393124271
7203332,"['US', 'CA']",0.42312383837795603,0.7577820953123809
3872185,['VN'],0.44040378311437317,0.5714589732699864
1693578512149506,['VN'],0.4092779930213275,0.6218361541100185
1749693025818658,['MY'],0.38311836799116006,0.7183900363071708
1724426873402369,['PK'],0.5137848072052504,0.7204038924994871
6227566,"['US', 'CA']",0.4063315847896586,0.8009536669631195
1695079848044545,['ID'],-0.30151028719390555,0.5907402254985094
1741849955502082,['CZ'],0.3168021895003588,0.6421859634362878
5527768,"['US', 'CA']",0.3079878386352544,0.5551283341039849
1718358,['JP'],0.4459516467407384,0.6431205631652567
2696598,"['GB', 'IE']",0.4750076732307097,0.5096460285205459
1707001475552258,"['US', 'CA']",0.4144767144832472,0.6049298386615075
1738944455652353,['CZ'],0.4294476508424612,0.8090885196916247
1752720527795217,['TH'],0.3214380721871985,0.7004018748847946
1739405172999234,['VN'],0.39193032471408035,0.6624548999185917
2062837,"['US', 'CA']",0.3231528844559781,0.7703232944514984
1694295343087617,['RO'],0.466651693226297,0.6809635829119676
1757052904711169,['PK'],0.41903345633914757,0.650537409537632
1735754088302593,['JP'],0.42649817533649903,0.6758452764946818
2289168,"['AU', 'NZ', 'SG']",0.42125762840690606,0.7443377444446201
1760219117725729,"['US', 'CA']",0.3579176175288422,0.5341022618652419
1559239,['ID'],0.2957449258477295,0.5642391701695215
1694617166265346,['TH'],0.40889595486749153,0.6702065488167191
3297271,['OTHER'],-3.0704121198122505,0.8545209625322218
1711495963719681,['ID'],0.189839133372622,0.7254652334778499
9310005,['VN'],0.45034164148494876,0.6605741626071614
1736488544904194,['ID'],0.4937785995833279,0.7198848227306958
6230873,['VN'],0.4512255312180743,0.6796988006205963
2655178,['FI'],0.3564253213215769,0.5915468884318915
1752720374571010,['DE'],0.5035372711508483,0.5852083103141718
1739401620745217,['VN'],0.15914776366824865,0.7479099226414592
7676958,"['AU', 'NZ', 'SG']",0.43650968886239155,0.7946270568690115
1694974042699778,['ID'],-0.08923265509216473,0.606748337075648
3581159,"['KR', 'ID']",0.3902862383492871,0.7033313331981089
5819951,"['GB', 'PK', 'IE']",0.46874348517111164,0.7764229199708689
1716223124556802,"['MX', 'UY', 'CO', 'CL', 'AR', 'EC', 'PE', 'BR']",0.366303904096688,0.5950572454384265
1724376454408193,"['SA', 'OM', 'BH', 'QA', 'JO', 'IQ', 'KW', 'LB', 'EG']",0.375142279879202,0.5203034620528375
1726915781909505,"['MX', 'UY', 'CO', 'AR', 'CL', 'EC', 'PE', 'BR']",0.37400795103314005,0.7034976297813207
1711502684514306,"['MX', 'CO', 'AR', 'CL', 'PE']",0.2648869254149536,0.6303805052336019
1714356224207874,"['OM', 'BH', 'QA', 'JO', 'IQ', 'KW', 'MA', 'LB', 'EG']",0.32599598799762924,0.6652785142669843
1268890,"['US', 'CA']",0.40360850901063255,0.8039323020364809
1727558445604865,['KZ'],0.33321142975478457,0.557060492504692
1735138323373057,['ES'],0.33103547130638605,0.569295841708993
1764236250853426,['FR'],0.3605824993596382,0.7509229270511957
8881701,"['HR', 'GB', 'IE']",0.35898357571630535,0.5555907495480409
1769313472273426,['BR'],-3.0704121198122505,0.57217233522283
1693551885233154,['VN'],0.19398743396929416,0.6078234940501331
8521016,"['US', 'CA']",0.3403783925465673,0.7382097075220005
3261779,"['GB', 'IL', 'IE']",0.338679802869139,0.5043279307130962
5709106,"['MX', 'UY', 'CO', 'CL', 'AR', 'EC', 'PE', 'BR']",0.5014541479910039,0.5961512582572914
2613990,['JP'],0.21502930277297938,0.8643696929987295
8396283,"['US', 'CA']",-3.0704121198122505,0.6973939508869823
1915657,['TH'],0.4137516738199233,0.7183334274107686
1737428933735426,['PL'],0.4403903297910116,0.6500096178662893
1705052601354242,['MY'],0.29894279454996175,0.8280056372059654
1729873023284225,['ID'],-0.022239994289246747,0.7167966446973226
1725363401825281,['KZ'],0.23680890329945403,0.5499008516233688
1676631455688709,['HU'],0.39671005099790707,0.7178872959142905
3071163,"['AU', 'NZ', 'SG']",-3.0704121198122505,0.9401548745058296
5569930,"['US', 'CA']",0.4457798928472673,0.8184050914847558
1726039575798785,"['US', 'CA']",0.2514107695269069,0.5328497359962964
1706437607186434,['ID'],0.39312528879603925,0.6529684523331285
1695025840288769,['GB'],0.36575660119989056,0.6012898760143681
1732494092090369,['ID'],0.3090289839703364,0.7092598012492757
3753607,"['MY', 'SG']",0.18632669551725878,0.732445162322474
1728695728635906,['VN'],0.38759014712193546,0.6163055528549265
1691845936062466,['PH'],0.3116203693363362,0.6360459353942399
6853135,"['GB', 'KZ', 'IE']",-3.0704121198122505,0.6343990276694332
1729270880862209,['ES'],0.3391994129741625,0.7102871332477046
1770099191136306,['PL'],0.3260313579161133,0.6495387110443365
1737386135461890,['MY'],0.4662098532495616,0.8906519231644323
1768432749385746,"['MX', 'UY', 'CL', 'CO', 'AR', 'EC', 'PE', 'BR']",0.35421054341377795,0.7135446189271839
1769313472273410,['SE'],-3.0704121198122505,0.9670429514889298
1694647574135810,['TH'],0.4065574030518369,0.6921461397392877
1695027913818113,['IT'],-0.010694039682429234,0.5120885283336947
7211760,"['MY', 'SG']",0.35264219924089873,0.6887595776378902
2620985,"['PT', 'GB', 'IE']",0.5399571023511125,0.55946814486809
1739949027608577,['PL'],-3.0704121198122505,0.9025115667294893
1770209088552993,['FI'],0.34858504883146707,0.5227636731627735
1710303068652546,['PH'],0.4562838141393646,0.7564944510723964
1682406401556481,['VN'],0.3326121996635992,0.601729589466902
1743478384979986,['FI'],-3.0704121198122505,0.9670429514889298
1704451210654721,['GB'],0.12044101096973682,0.571892301909841
1762882575703090,['BR'],-3.0704121198122505,0.6658964892782078
1765413546049569,['CZ'],0.38135021007763004,0.622063008838808
1719212303097858,['ES'],0.37382351291162375,0.5523846338691021
1694281660376066,['TR'],0.27420196309681016,0.6623813176924913
1734911746733057,"['US', 'CA']",0.3352460604454523,0.5420699153318244
1694737747315714,['TH'],0.19430371802849275,0.7785143286598637
1730993346971650,['RO'],0.31376026706099325,0.6928360649059105
1707706649725953,['GB'],0.3770565976252645,0.5968092547909368
1772302280493057,['GB'],-3.0704121198122505,0.8971339513328693
